1 0.16001538453387834
2 0.14222735858947644
3 0.1370294973233339
4 0.13509578074483702
5 0.12815917984620334
6 0.12815917984620334
7 0.12815917984620334
8 0.12700944333167904
9 0.12700944333167904
10 0.12518420940068337
11 0.12518420940068337
12 0.12518420940068337
13 0.12518420940068337
14 0.12518420940068337
15 0.11271994738378333
16 0.11271994738378333
17 0.11193473466524602
18 0.10937305618593739
19 0.10937305618593739
20 0.10937305618593739
21 0.10937305618593739
22 0.10937305618593739
23 0.10937305618593739
24 0.10937305618593739
25 0.10937305618593739
26 0.10937305618593739
27 0.10937305618593739
28 0.1073626215116462
29 0.10649221801862825
30 0.10402118983222802
31 0.10402118983222802
32 0.10402118983222802
33 0.10402118983222802
34 0.10402118983222802
35 0.10402118983222802
36 0.10402118983222802
37 0.10148093547266192
38 0.10148093547266192
39 0.10133984426522319
40 0.10133984426522319
41 0.10133984426522319
42 0.10133984426522319
43 0.10133984426522319
44 0.10133984426522319
45 0.10133984426522319
46 0.10133984426522319
47 0.10133984426522319
48 0.09936224172989115
49 0.09936224172989115
50 0.09642250204391319
51 0.09639402624810602
52 0.09315347141822958
53 0.09315347141822958
54 0.09315347141822958
55 0.09315347141822958
56 0.09315347141822958
57 0.09315347141822958
58 0.09315347141822958
59 0.09315347141822958
60 0.09315347141822958
61 0.09303348832249199
62 0.09261377147926853
63 0.09261377147926853
64 0.09261377147926853
65 0.09261377147926853
66 0.09261377147926853
67 0.09261377147926853
68 0.09261377147926853
69 0.09261377147926853
70 0.09261377147926853
71 0.09261377147926853
72 0.09261377147926853
73 0.09261377147926853
74 0.09261377147926853
75 0.09245216073501711
76 0.09245216073501711
77 0.09245216073501711
78 0.09132323539148887
79 0.09132323539148887
80 0.09049317208700258
81 0.09032651073557474
82 0.09032651073557474
83 0.09032651073557474
84 0.09032651073557474
85 0.09032651073557474
86 0.09032651073557474
87 0.09032651073557474
88 0.09032651073557474
89 0.09032651073557474
90 0.09032651073557474
91 0.09032651073557474
92 0.09032651073557474
93 0.09032651073557474
94 0.09032651073557474
95 0.09032651073557474
96 0.09032651073557474
97 0.09032651073557474
98 0.09032651073557474
99 0.09032651073557474
100 0.09032651073557474
101 0.09032651073557474
102 0.09032651073557474
103 0.09032651073557474
104 0.08983184565761339
105 0.08983184565761339
106 0.08983184565761339
107 0.08983184565761339
108 0.08983184565761339
109 0.08983184565761339
110 0.08983184565761339
111 0.08983184565761339
112 0.08983184565761339
113 0.08983184565761339
114 0.08983184565761339
115 0.08983184565761339
116 0.08983184565761339
117 0.08983184565761339
118 0.08983184565761339
119 0.08983184565761339
120 0.08983184565761339
121 0.08983184565761339
122 0.08983184565761339
123 0.08983184565761339
124 0.08983184565761339
125 0.08983184565761339
126 0.08983184565761339
127 0.08983184565761339
128 0.08983184565761339
129 0.08983184565761339
130 0.08983184565761339
131 0.08983184565761339
132 0.08983184565761339
133 0.08983184565761339
134 0.08983184565761339
135 0.08983184565761339
136 0.08983184565761339
137 0.08983184565761339
138 0.08983184565761339
139 0.08983184565761339
140 0.08983184565761339
141 0.0897573236985862
142 0.0897573236985862
143 0.0897573236985862
144 0.0897573236985862
145 0.0897573236985862
146 0.0897573236985862
147 0.0897573236985862
148 0.08856338048515139
149 0.08887056033774499
150 0.08887056033774499
151 0.08887056033774499
152 0.08886915148264565
153 0.0886246739129467
154 0.0886246739129467
155 0.0886246739129467
156 0.08842132566142646
157 0.0885350901292807
158 0.08778620683436322
159 0.08778620683436322
160 0.08778620683436322
161 0.08778620683436322
162 0.08778620683436322
163 0.08778620683436322
164 0.08778620683436322
165 0.08778620683436322
166 0.08778620683436322
167 0.08778620683436322
168 0.08778620683436322
169 0.08778620683436322
170 0.08778620683436322
171 0.08778620683436322
172 0.08778620683436322
173 0.08778620683436322
174 0.08778620683436322
175 0.08778620683436322
176 0.08778620683436322
177 0.08778620683436322
178 0.08778620683436322
179 0.08778620683436322
180 0.08778620683436322
181 0.08778620683436322
182 0.08778620683436322
183 0.08778620683436322
184 0.08778620683436322
185 0.08778620683436322
186 0.08778620683436322
187 0.08778620683436322
188 0.08778620683436322
189 0.08778620683436322
190 0.08778620683436322
191 0.08778620683436322
192 0.08778620683436322
193 0.08778620683436322
194 0.08778620683436322
195 0.08778620683436322
196 0.08778620683436322
197 0.08778620683436322
198 0.08778620683436322
199 0.08778620683436322
200 0.08778620683436322
201 0.08778620683436322
202 0.08778620683436322
203 0.08778620683436322
204 0.08778620683436322
205 0.08778620683436322
206 0.08778620683436322
207 0.08778620683436322
208 0.08778620683436322
209 0.08778620683436322
210 0.08778620683436322
211 0.08778620683436322
212 0.08778620683436322
213 0.08778620683436322
214 0.08778620683436322
215 0.08778620683436322
216 0.08778620683436322
217 0.08778620683436322
218 0.08778620683436322
219 0.08778620683436322
220 0.08778620683436322
221 0.08778620683436322
222 0.08778620683436322
223 0.08778620683436322
224 0.08778620683436322
225 0.08778620683436322
226 0.08778620683436322
227 0.08778620683436322
228 0.08778620683436322
229 0.08778620683436322
230 0.08778620683436322
231 0.08778620683436322
232 0.08778620683436322
233 0.08778620683436322
234 0.08778620683436322
235 0.08778620683436322
236 0.08778620683436322
237 0.08778620683436322
238 0.08778620683436322
239 0.08750680348613152
240 0.08750680348613152
241 0.08750680348613152
242 0.08750680348613152
243 0.08749721392809881
244 0.08749721392809881
245 0.08749721392809881
246 0.08749721392809881
247 0.08749721392809881
248 0.08749721392809881
249 0.08749721392809881
250 0.08749721392809881
251 0.08708362881033821
252 0.08708362881033821
253 0.08708362881033821
254 0.08708362881033821
255 0.08708362881033821
256 0.08708362881033821
257 0.08708362881033821
258 0.08708362881033821
259 0.08708362881033821
260 0.08708362881033821
261 0.08708362881033821
262 0.08708362881033821
263 0.08708362881033821
264 0.08708362881033821
265 0.08708362881033821
266 0.08708362881033821
267 0.08708362881033821
268 0.08708362881033821
269 0.08708362881033821
270 0.08708362881033821
271 0.08708362881033821
272 0.08708362881033821
273 0.08708362881033821
274 0.08708362881033821
275 0.08708362881033821
276 0.08708362881033821
277 0.08708362881033821
278 0.08708362881033821
279 0.08708362881033821
280 0.08708362881033821
281 0.08708362881033821
282 0.08708362881033821
283 0.08708362881033821
284 0.08708362881033821
285 0.08685414146575184
286 0.08685414146575184
287 0.08685414146575184
288 0.08685414146575184
289 0.08685414146575184
290 0.08685414146575184
291 0.08685414146575184
292 0.08685414146575184
293 0.08685414146575184
294 0.08685414146575184
295 0.08685414146575184
296 0.08685414146575184
297 0.08685414146575184
298 0.08685414146575184
299 0.08685414146575184
300 0.08685414146575184
301 0.08685414146575184
302 0.08685414146575184
303 0.08685414146575184
304 0.08685414146575184
305 0.08685414146575184
306 0.08685414146575184
307 0.08685414146575184
308 0.08685414146575184
309 0.08685414146575184
310 0.08685414146575184
311 0.08685414146575184
312 0.08685414146575184
313 0.08685414146575184
314 0.08637819131212095
315 0.08632290836672366
316 0.08632290836672366
317 0.08625001719038604
318 0.08625001719038604
319 0.08625001719038604
320 0.08625001719038604
321 0.08625001719038604
322 0.08625001719038604
323 0.08625001719038604
324 0.08625001719038604
325 0.08625001719038604
326 0.08625001719038604
327 0.08625001719038604
328 0.08625001719038604
329 0.08625001719038604
330 0.08625001719038604
331 0.08625001719038604
332 0.08625001719038604
333 0.08625001719038604
334 0.08625001719038604
335 0.08625001719038604
336 0.08625001719038604
337 0.08625001719038604
338 0.08625001719038604
339 0.08625001719038604
340 0.08625001719038604
341 0.08625001719038604
342 0.08625001719038604
343 0.08625001719038604
344 0.08625001719038604
345 0.08625001719038604
346 0.08625001719038604
347 0.08625001719038604
348 0.08625001719038604
349 0.08625001719038604
350 0.08625001719038604
351 0.08625001719038604
352 0.08625001719038604
353 0.08625001719038604
354 0.08625001719038604
355 0.08625001719038604
356 0.08625001719038604
357 0.08625001719038604
358 0.08625001719038604
359 0.08625001719038604
360 0.08625001719038604
361 0.08625001719038604
362 0.08625001719038604
363 0.08625001719038604
364 0.08625001719038604
365 0.08625001719038604
366 0.08625001719038604
367 0.08625001719038604
368 0.08625001719038604
369 0.08625001719038604
370 0.08625001719038604
371 0.08625001719038604
372 0.08625001719038604
373 0.08625001719038604
374 0.08625001719038604
375 0.08625001719038604
376 0.08625001719038604
377 0.08625001719038604
378 0.08625001719038604
379 0.08625001719038604
380 0.08625001719038604
381 0.08625001719038604
382 0.08625001719038604
383 0.08625001719038604
384 0.08625001719038604
385 0.08625001719038604
386 0.08625001719038604
387 0.08625001719038604
388 0.08625001719038604
389 0.08625001719038604
390 0.08625001719038604
391 0.08625001719038604
392 0.08625001719038604
393 0.08625001719038604
394 0.08625001719038604
395 0.08625001719038604
396 0.08625001719038604
397 0.08625001719038604
398 0.08625001719038604
399 0.08625001719038604
400 0.08625001719038604
401 0.08625001719038604
402 0.08625001719038604
403 0.08625001719038604
404 0.08625001719038604
405 0.08625001719038604
406 0.08625001719038604
407 0.08625001719038604
408 0.08625001719038604
409 0.08625001719038604
410 0.08625001719038604
411 0.08625001719038604
412 0.08625001719038604
413 0.08625001719038604
414 0.08625001719038604
415 0.08625001719038604
416 0.08625001719038604
417 0.08625001719038604
418 0.08625001719038604
419 0.08625001719038604
420 0.08625001719038604
421 0.08625001719038604
422 0.08625001719038604
423 0.08625001719038604
424 0.08625001719038604
425 0.08625001719038604
426 0.08625001719038604
427 0.08625001719038604
428 0.08625001719038604
429 0.08625001719038604
430 0.08625001719038604
431 0.08625001719038604
432 0.08625001719038604
433 0.08625001719038604
434 0.08625001719038604
435 0.08625001719038604
436 0.08625001719038604
437 0.08625001719038604
438 0.08625001719038604
439 0.08625001719038604
440 0.08625001719038604
441 0.08625001719038604
442 0.08625001719038604
443 0.08625001719038604
444 0.08625001719038604
445 0.08625001719038604
446 0.08625001719038604
447 0.08625001719038604
448 0.08625001719038604
449 0.08625001719038604
450 0.08625001719038604
451 0.08625001719038604
452 0.08625001719038604
453 0.08625001719038604
454 0.08625001719038604
455 0.08625001719038604
456 0.08625001719038604
457 0.08625001719038604
458 0.08625001719038604
459 0.08625001719038604
460 0.08625001719038604
461 0.08625001719038604
462 0.08625001719038604
463 0.08625001719038604
464 0.08625001719038604
465 0.08625001719038604
466 0.08625001719038604
467 0.08625001719038604
468 0.08625001719038604
469 0.08625001719038604
470 0.08625001719038604
471 0.08625001719038604
472 0.08625001719038604
473 0.08625001719038604
474 0.08625001719038604
475 0.08625001719038604
476 0.08625001719038604
477 0.08625001719038604
478 0.08625001719038604
479 0.08625001719038604
480 0.08625001719038604
481 0.08625001719038604
482 0.08625001719038604
483 0.08625001719038604
484 0.08599383707537595
485 0.08599383707537595
486 0.08599383707537595
487 0.08599383707537595
488 0.08599383707537595
489 0.08599383707537595
490 0.08599383707537595
491 0.08599383707537595
492 0.08599383707537595
493 0.08599383707537595
494 0.08599383707537595
495 0.08599383707537595
496 0.08599383707537595
497 0.08599383707537595
498 0.08599383707537595
499 0.08599383707537595
500 0.08599383707537595
