1 48
2 47
3 45
4 43
5 42
6 42
7 46
8 40
9 40
10 39
11 39
12 39
13 39
14 39
15 35
16 35
17 35
18 35
19 34
20 34
21 34
22 34
23 34
24 34
25 34
26 34
27 33
28 33
29 32
30 34
31 31
32 31
33 31
34 31
35 31
36 31
37 30
38 30
39 30
40 30
41 30
42 30
43 30
44 30
45 30
46 30
47 30
48 26
49 27
50 28
51 28
52 24
53 24
54 24
55 24
56 24
57 23
58 23
59 23
60 22
61 23
62 30
63 23
64 23
65 22
66 22
67 23
68 23
69 22
70 22
71 23
72 23
73 23
74 22
75 23
76 23
77 20
78 20
79 20
80 22
81 21
82 20
83 21
84 20
85 21
86 20
87 21
88 20
89 21
90 20
91 21
92 20
93 21
94 20
95 21
96 20
97 21
98 20
99 20
100 21
101 21
102 20
103 20
104 20
105 20
106 21
107 20
108 21
109 20
110 21
111 20
112 21
113 20
114 21
115 20
116 21
117 21
118 20
119 20
120 21
121 20
122 21
123 20
124 21
125 20
126 21
127 20
128 21
129 20
130 21
131 20
132 21
133 20
134 27
135 20
136 21
137 20
138 20
139 21
140 20
141 19
142 19
143 20
144 20
145 19
146 19
147 20
148 18
149 17
150 18
151 18
152 18
153 18
154 18
155 22
156 19
157 18
158 18
159 20
160 18
161 20
162 20
163 18
164 20
165 21
166 19
167 20
168 18
169 18
170 20
171 19
172 19
173 18
174 20
175 20
176 20
177 18
178 19
179 20
180 20
181 18
182 18
183 20
184 18
185 19
186 18
187 20
188 18
189 19
190 18
191 20
192 19
193 18
194 20
195 19
196 18
197 20
198 19
199 18
200 19
201 20
202 20
203 18
204 19
205 19
206 20
207 18
208 18
209 19
210 19
211 18
212 19
213 20
214 18
215 19
216 19
217 20
218 19
219 20
220 20
221 20
222 18
223 18
224 20
225 19
226 19
227 18
228 20
229 20
230 20
231 18
232 18
233 20
234 20
235 19
236 19
237 20
238 18
239 19
240 19
241 20
242 20
243 18
244 23
245 18
246 19
247 20
248 19
249 18
250 20
251 20
252 19
253 18
254 20
255 20
256 18
257 19
258 20
259 18
260 20
261 19
262 19
263 18
264 20
265 18
266 19
267 19
268 20
269 18
270 19
271 20
272 18
273 19
274 19
275 20
276 18
277 18
278 19
279 19
280 20
281 20
282 20
283 20
284 20
285 20
286 20
287 20
288 19
289 19
290 19
291 20
292 19
293 20
294 19
295 20
296 19
297 20
298 19
299 20
300 19
301 20
302 19
303 20
304 19
305 20
306 19
307 20
308 19
309 20
310 19
311 20
312 24
313 20
314 21
315 20
316 20
317 24
318 19
319 19
320 20
321 20
322 19
323 20
324 19
325 20
326 19
327 20
328 19
329 20
330 19
331 20
332 19
333 19
334 20
335 19
336 25
337 19
338 20
339 19
340 20
341 19
342 20
343 19
344 20
345 19
346 20
347 19
348 20
349 19
350 20
351 19
352 20
353 19
354 20
355 19
356 20
357 19
358 20
359 19
360 20
361 19
362 20
363 19
364 20
365 19
366 20
367 19
368 20
369 19
370 20
371 19
372 20
373 19
374 19
375 20
376 20
377 19
378 19
379 20
380 20
381 19
382 20
383 19
384 20
385 19
386 20
387 19
388 20
389 19
390 20
391 19
392 20
393 19
394 20
395 19
396 20
397 20
398 19
399 19
400 20
401 20
402 19
403 19
404 20
405 20
406 19
407 19
408 20
409 20
410 19
411 19
412 20
413 20
414 19
415 20
416 20
417 19
418 19
419 20
420 20
421 19
422 20
423 19
424 20
425 19
426 20
427 19
428 20
429 19
430 20
431 19
432 20
433 19
434 20
435 19
436 20
437 19
438 20
439 19
440 20
441 19
442 20
443 19
444 20
445 19
446 20
447 19
448 20
449 19
450 20
451 19
452 20
453 19
454 20
455 19
456 20
457 19
458 20
459 19
460 20
461 19
462 20
463 19
464 20
465 19
466 20
467 19
468 20
469 19
470 20
471 19
472 20
473 19
474 19
475 20
476 20
477 19
478 19
479 20
480 20
481 20
482 19
483 20
484 19
485 19
486 19
487 20
488 19
489 20
490 19
491 20
492 19
493 20
494 19
495 20
496 19
497 20
498 19
499 20
500 19
