1 0.2699125463912593
2 0.2699125463912593
3 0.2359697413852926
4 0.18764993979392167
5 0.19012175818511348
6 0.16555020399545886
7 0.1475539688311348
8 0.162293615171809
9 0.13725969012068023
10 0.14166306808402765
11 0.14166306808402765
12 0.14161945824181596
13 0.14161945824181596
14 0.14161945824181596
15 0.12683305635451778
16 0.14135940311182468
17 0.14135940311182468
18 0.14374600880581176
19 0.14374600880581176
20 0.12561757433826629
21 0.1202241944973196
22 0.1253993686667422
23 0.12201398686364341
24 0.13126014744077708
25 0.13126014744077708
26 0.13126014744077708
27 0.12160599970072547
28 0.13036483658858755
29 0.13036483658858755
30 0.12093258474151879
31 0.12489995266308614
32 0.11654680978788594
33 0.11654680978788594
34 0.1250349945716565
35 0.1134299407990341
36 0.11532559162793395
37 0.11532559162793395
38 0.11532559162793395
39 0.11802510254033258
40 0.11802510254033258
41 0.1292246824842928
42 0.12543722685313075
43 0.12543722685313075
44 0.11437823303138533
45 0.1227252267269157
46 0.1227252267269157
47 0.11607174714345965
48 0.11607174714345965
49 0.11607174714345965
50 0.10449934769671312
51 0.10449934769671312
52 0.10850962648252542
53 0.10850962648252542
54 0.11189570848287682
55 0.11189570848287682
56 0.10304368944055238
57 0.11075490201756791
58 0.10774201145251773
59 0.10774201145251773
60 0.10774201145251773
61 0.10774201145251773
62 0.09999265187293263
63 0.09972841050618035
64 0.09972841050618035
65 0.09689210142354539
66 0.09978216249939514
67 0.09978216249939514
68 0.10210750842927772
69 0.11291421727460463
70 0.11291421727460463
71 0.10210750842927772
72 0.10679155834121558
73 0.10679155834121558
74 0.10679155834121558
75 0.10011036499325726
76 0.10682847331701094
77 0.10761833952909194
78 0.10761833952909194
79 0.10761833952909194
80 0.10196647738074444
81 0.10196647738074444
82 0.09660231702047388
83 0.10155149557940919
84 0.10155149557940919
85 0.10167980846840712
86 0.10941182984598674
87 0.10334006999878324
88 0.10334006999878324
89 0.1004073014355782
90 0.1004073014355782
91 0.1004073014355782
92 0.09765294512284194
93 0.09765294512284194
94 0.10368092553877765
95 0.10368092553877765
96 0.09518467151574694
97 0.10229031945926922
98 0.10210733723632373
99 0.10210733723632373
100 0.10023721731295561
101 0.10076176945185066
102 0.1083524927210526
103 0.1083524927210526
104 0.09880766069216668
105 0.09942623411783284
106 0.0922209932886235
107 0.1003666388116533
108 0.09490189614799102
109 0.09875406128231991
110 0.09644746225108426
111 0.10147976408145752
112 0.10274189066659382
113 0.10274189066659382
114 0.10203902003149956
115 0.10203902003149956
116 0.10203902003149956
117 0.10082905947054666
118 0.09986331039279372
119 0.10359161026017108
120 0.10359161026017108
121 0.1088918936650073
122 0.1088918936650073
123 0.09716850672431233
124 0.09468699196131082
125 0.10295442997467227
126 0.10295442997467227
127 0.11260264650861196
128 0.09729517529926648
129 0.09569619772400371
130 0.10220369479556951
131 0.09983875567314619
132 0.10577376501382446
133 0.10440812607747492
134 0.10771736891431219
135 0.10538424680626828
136 0.10538424680626828
137 0.10538424680626828
138 0.09783274021870207
139 0.09514604813240397
140 0.09507305693058853
141 0.09223629380634366
142 0.09326529978771472
143 0.09178397694167686
144 0.10609382049889568
145 0.09519940860252403
146 0.10704439422489366
147 0.09743224579260291
148 0.09886703950185842
149 0.11007930067125478
150 0.09886703950185842
151 0.09816295558244162
152 0.0989196958305654
153 0.09662588418442997
154 0.10012680758431645
155 0.09662588418442997
156 0.0935679678226287
157 0.09114020817132128
158 0.09456140347537001
159 0.10904540599668738
160 0.11019157553538571
161 0.11019157553538571
162 0.11019157553538571
163 0.0980127262294079
164 0.09509465851869028
165 0.09957980859861829
166 0.09957980859861829
167 0.0890631927303251
168 0.09571535802164564
169 0.10067822734425647
170 0.10067822734425647
171 0.10535192259526523
172 0.10083752880103897
173 0.09472182425009644
174 0.09325950604896678
175 0.09204408445931699
176 0.09652701775599704
177 0.09790374564532654
178 0.09790374564532654
179 0.1024737744401351
180 0.1024737744401351
181 0.09704409676409642
182 0.09704409676409642
183 0.09411971760084563
184 0.09546893843286791
185 0.09546893843286791
186 0.09952654943214113
187 0.09952654943214113
188 0.09562737983853271
189 0.09705706929766195
190 0.10587706552892141
191 0.10587706552892141
192 0.09746263995111883
193 0.09746263995111883
194 0.10041983175084192
195 0.09746263995111883
196 0.09483332191834264
197 0.09355309594910356
198 0.09868235474286659
199 0.10156024084282672
200 0.09568767543981695
201 0.0943171850929707
202 0.10941146992985153
203 0.10941146992985153
204 0.10941146992985153
205 0.10941146992985153
206 0.1012857044848097
207 0.0939705654720488
208 0.10296915174896187
209 0.10296915174896187
210 0.10296915174896187
211 0.09567024632349437
212 0.09219454026257598
213 0.09035964114581171
214 0.0979113948909117
215 0.09514393428717549
216 0.09640009975247346
217 0.11257830184128371
218 0.11257830184128371
219 0.11257830184128371
220 0.11070931068582081
221 0.11070931068582081
222 0.10469354354696334
223 0.10469354354696334
224 0.10469354354696334
225 0.10469354354696334
226 0.100185212604143
227 0.09677303045327135
228 0.09677303045327135
229 0.09191356657167184
230 0.09119683067511934
231 0.10106655158314297
232 0.10642603306410671
233 0.11309842831928285
234 0.11309842831928285
235 0.11309842831928285
236 0.10063596061879077
237 0.10063596061879077
238 0.10328547605375367
239 0.09802183159768374
240 0.09601580653401255
241 0.09601580653401255
242 0.12022305134568807
243 0.12022305134568807
244 0.11935621102612223
245 0.09980848300625209
246 0.09580468977592409
247 0.09580468977592409
248 0.09315098856500155
249 0.09315098856500155
250 0.09824461584546437
251 0.09676044043235807
252 0.09573584172687279
253 0.102139167265126
254 0.09368844453810368
255 0.09368844453810368
256 0.09205210793967257
257 0.09205210793967257
258 0.09540648473194194
259 0.09442453248172612
260 0.09442453248172612
261 0.09150115754975707
262 0.09073324228025315
263 0.08805101438339087
264 0.09680534904288314
265 0.1034110178551729
266 0.1034110178551729
267 0.10793219944623131
268 0.10038463962804313
269 0.11191759054979983
270 0.11191759054979983
271 0.12984783714811873
272 0.12984783714811873
273 0.1275616026090573
274 0.09896338412796635
275 0.09896338412796635
276 0.09896338412796635
277 0.09531518584652135
278 0.09858036949106407
279 0.09943755143863248
280 0.11093965440404634
281 0.11093965440404634
282 0.09922270936235458
283 0.10008389329743375
284 0.10008389329743375
285 0.0972075647443229
286 0.0972075647443229
287 0.0972075647443229
288 0.0972075647443229
289 0.09336580979112628
290 0.09253067110638151
291 0.1095602745426026
292 0.1095602745426026
293 0.1014273684188903
294 0.1014273684188903
295 0.10147921815266811
296 0.10147921815266811
297 0.09933754575549483
298 0.09933754575549483
299 0.09382083047545235
300 0.09908901971310259
301 0.09908901971310259
302 0.11516656086631853
303 0.11516656086631853
304 0.10394644363127417
305 0.09406327182722733
306 0.10649971059793129
307 0.10649971059793129
308 0.1051350333372635
309 0.1051350333372635
310 0.1051350333372635
311 0.09265653877808659
312 0.09265653877808659
313 0.09293352724328446
314 0.09293352724328446
315 0.09673412087853121
316 0.09963319584324634
317 0.09963319584324634
318 0.09471333042913338
319 0.09387533190449625
320 0.09387533190449625
321 0.09387533190449625
322 0.09961274435594543
323 0.09961274435594543
324 0.09961274435594543
325 0.09961274435594543
326 0.09696392474403286
327 0.09401945221594513
328 0.08632290836672366
329 0.09178839068838658
330 0.1029303375699791
331 0.09617556548705102
332 0.0938122214943602
333 0.0938122214943602
334 0.09723617151342091
335 0.1036817948695344
336 0.09312756770011084
337 0.09702471041575544
338 0.09443748258152655
339 0.09478444260665948
340 0.09478444260665948
341 0.09632496742208004
342 0.10705382810734865
343 0.09262581178313936
344 0.10548147367240679
345 0.09701854173553563
346 0.10949453193524929
347 0.10949453193524929
348 0.09290306908773106
349 0.09870460388166606
350 0.09870460388166606
351 0.09870460388166606
352 0.09413604035012563
353 0.09223236839453414
354 0.10321234524848912
355 0.10888436804814816
356 0.10888436804814816
357 0.09836763108753442
358 0.09712457521844808
359 0.09700097586973253
360 0.09154925837485825
361 0.09154925837485825
362 0.0921051333140177
363 0.10221098272913014
364 0.10221098272913014
365 0.10221098272913014
366 0.10221098272913014
367 0.09249041707232161
368 0.09249041707232161
369 0.09294854089612234
370 0.09294854089612234
371 0.09490018089577085
372 0.09294854089612234
373 0.09343006474690228
374 0.09690452746931721
375 0.09690452746931721
376 0.09429055627508154
377 0.10622899079959668
378 0.10622899079959668
379 0.11849772249495182
380 0.10332680435354594
381 0.10574710095650558
382 0.09175267682871277
383 0.09175267682871277
384 0.09176630038696473
385 0.09342127655049075
386 0.09342127655049075
387 0.09849205927980258
388 0.09849205927980258
389 0.09849205927980258
390 0.09849205927980258
391 0.09451197690040483
392 0.09451197690040483
393 0.09451197690040483
394 0.09432088468690657
395 0.09778436696102634
396 0.09778436696102634
397 0.10067379296601456
398 0.10067379296601456
399 0.09103566854284466
400 0.09103566854284466
401 0.09103566854284466
402 0.09012606625578012
403 0.09797713146215929
404 0.09797713146215929
405 0.09369520168724674
406 0.10464378596833888
407 0.10283293462017759
408 0.0989630820385053
409 0.0920514114538585
410 0.0920514114538585
411 0.0920514114538585
412 0.09415944874257898
413 0.09478226155624106
414 0.10951580301765422
415 0.08944050725395249
416 0.09285520455739296
417 0.0931278621241239
418 0.09008917305080365
419 0.09506493343451478
420 0.09092771793244052
421 0.09811122286305025
422 0.10110318385210913
423 0.11672920504842539
424 0.09378243675243404
425 0.09477286414907946
426 0.09477286414907946
427 0.1080656581270794
428 0.1080656581270794
429 0.0945279789544671
430 0.0951838641600291
431 0.0951838641600291
432 0.10756610381336534
433 0.11534089448371282
434 0.11534089448371282
435 0.10954667897639259
436 0.0939902012032989
437 0.0868090683421501
438 0.09974241446023584
439 0.09974241446023584
440 0.09446350049449607
441 0.09446350049449607
442 0.09342580643095666
443 0.09326251077887536
444 0.10276053266465762
445 0.10276053266465762
446 0.10276053266465762
447 0.10276053266465762
448 0.09121343935839289
449 0.09490296402616888
450 0.09490296402616888
451 0.0936475994260574
452 0.0936475994260574
453 0.10099036959437697
454 0.10099036959437697
455 0.10099036959437697
456 0.09427684298504484
457 0.09842685116633143
458 0.10493807408283777
459 0.09567359849355893
460 0.09567359849355893
461 0.09916209235286666
462 0.09916209235286666
463 0.10035844627356144
464 0.08833432620899571
465 0.09724040927486444
466 0.09724040927486444
467 0.09374560138884563
468 0.09539033043615648
469 0.09272327057395983
470 0.09272327057395983
471 0.09470747607142924
472 0.09386262474363358
473 0.10595379154996623
474 0.10595379154996623
475 0.10595379154996623
476 0.10001109450362475
477 0.10001109450362475
478 0.09635568463757728
479 0.0983070589408936
480 0.0953925848787595
481 0.0953925848787595
482 0.10100874607565932
483 0.10100874607565932
484 0.08928642929188624
485 0.09087410965752264
486 0.10929130626508882
487 0.09625135708886776
488 0.0999131870017556
489 0.10686068133194816
490 0.10686068133194816
491 0.10151914671676329
492 0.10020262938180013
493 0.10188970012044193
494 0.10188970012044193
495 0.09022293655192742
496 0.09111767824508551
497 0.1045654766947121
498 0.1045654766947121
499 0.1045654766947121
500 0.0935304674330672
