1 0.2024239205068569
2 0.1879264461051275
3 0.175098228884934
4 0.1568686385227766
5 0.1468616869094409
6 0.1397233224436793
7 0.13443243847132255
8 0.1330804439762075
9 0.12970952850992926
10 0.12886663342967922
11 0.1280037044194994
12 0.12749472675410756
13 0.12694429704369867
14 0.12667051195404933
15 0.12464343864753011
16 0.1251436466944116
17 0.12271060487241015
18 0.12002058704462541
19 0.1175196799865166
20 0.11346391420448858
21 0.11146841655549053
22 0.11173322703132833
23 0.11013318664378813
24 0.11072381406650914
25 0.11170597467420909
26 0.11170597467420909
27 0.11032873081641352
28 0.11155620324119027
29 0.111477854825934
30 0.11030393158192628
31 0.10949114060637014
32 0.1080889462741487
33 0.10583223527814534
34 0.10611638845230997
35 0.10508290099032995
36 0.10556525767953542
37 0.105460781678356
38 0.10507322300559178
39 0.1059341726376668
40 0.10501176476297325
41 0.10551862619793348
42 0.10411597638425127
43 0.10365334759090412
44 0.10305542278373064
45 0.1029421009128893
46 0.10528621099886817
47 0.10408321661922122
48 0.10367932602791775
49 0.1018044259180302
50 0.10065324718490057
51 0.10003797022953761
52 0.10054516036589116
53 0.0991032542512278
54 0.0983731756380472
55 0.09744328616475743
56 0.09472689878326356
57 0.09486973129584247
58 0.09485127036366199
59 0.09561847591942006
60 0.09694785643658939
61 0.09603630473060407
62 0.09482264651312934
63 0.09435105398612238
64 0.0943965171684185
65 0.0935954963166459
66 0.09407876270060601
67 0.09468060865774629
68 0.09502108850858554
69 0.09547897705907281
70 0.0947722023075106
71 0.09406878512553188
72 0.09488269142272418
73 0.09532341741475271
74 0.0950302184352137
75 0.0936811839485646
76 0.0945954767491577
77 0.09507676676266703
78 0.09490223426675334
79 0.0941758235032844
80 0.092951971865822
81 0.0928628949558489
82 0.09172821467081232
83 0.09248808526856327
84 0.091955747880097
85 0.09264052235813261
86 0.0935274777680675
87 0.09390177450465072
88 0.0919616337727589
89 0.09209916772755597
90 0.09198684811985294
91 0.09203677289426224
92 0.09197734379843989
93 0.09262632620319448
94 0.0926368401562436
95 0.09235693607490184
96 0.09164230242547894
97 0.0927772925344814
98 0.09265516384236887
99 0.09299430350347496
100 0.09266216296533876
101 0.09224863732268056
102 0.09321051353724555
103 0.0941284844521669
104 0.09269569089572094
105 0.09257857261766289
106 0.09118657827648234
107 0.09146027324497585
108 0.09135131592922227
109 0.09117130378265445
110 0.09148874554715335
111 0.09153969634200566
112 0.09204665373001417
113 0.09202705950179231
114 0.0922647932072894
115 0.0916479879870823
116 0.09213268236036723
117 0.09222428447320641
118 0.0916712460466673
119 0.09230323425043299
120 0.09215545247806085
121 0.09259559496779142
122 0.09350441771227498
123 0.09148668957121057
124 0.0913898535279656
125 0.0912919782522415
126 0.09212770627956189
127 0.0929008475154761
128 0.0914013183603111
129 0.09080830921035514
130 0.09208600749483588
131 0.09193883468190439
132 0.09305049861224964
133 0.09198276558573122
134 0.09257522525964372
135 0.09267260773048225
136 0.0930146097929513
137 0.09271539719017749
138 0.09204137279838547
139 0.09143328855123659
140 0.09097236529909072
141 0.0912172273017398
142 0.09079580842712312
143 0.09038767625922159
144 0.09140863850069483
145 0.09132455704676841
146 0.09242214332393953
147 0.09095173110052332
148 0.09192660165092972
149 0.09297699391587541
150 0.0909855916487744
151 0.0906480019728141
152 0.09053901521349257
153 0.08987531120999968
154 0.09043041037821638
155 0.09018188397996126
156 0.08975431958142319
157 0.0896150501407663
158 0.09015306744461532
159 0.09086828749165367
160 0.0918297380144319
161 0.09098280886183495
162 0.09126617307980775
163 0.08950831697199778
164 0.08880117380457082
165 0.08938562362420333
166 0.08912771624084684
167 0.08827981800841583
168 0.08962269296472702
169 0.09040914214533026
170 0.08971596801527126
171 0.08962379848384408
172 0.08937523483075005
173 0.08839936927379659
174 0.0882630727152595
175 0.08813681506104402
176 0.08884493812518889
177 0.08931100786705257
178 0.08912230055339143
179 0.08962693912504775
180 0.08962333953963877
181 0.08876352435929324
182 0.08909104322919129
183 0.08902426092446102
184 0.08863463221835806
185 0.0882301769961875
186 0.08909679553411275
187 0.08933584174913674
188 0.08878807137117699
189 0.08894412927336859
190 0.09028000098257585
191 0.08948220766789522
192 0.08908649126670545
193 0.08869997425155086
194 0.08914542340633935
195 0.08892495013314987
196 0.08848657806575895
197 0.0881300181530412
198 0.08870813726254997
199 0.08934673391573957
200 0.08883313614955482
201 0.08874083851860193
202 0.0897836125417972
203 0.0898607614236269
204 0.09043693493918122
205 0.0902119199249339
206 0.08895316623899412
207 0.0888100498507608
208 0.08949128914267988
209 0.08941451805475933
210 0.08921560214934053
211 0.08846486322064823
212 0.0883346401486476
213 0.08796808077317793
214 0.08861267922401539
215 0.08880915917035248
216 0.08858264100224465
217 0.09034019503042634
218 0.09004579472781242
219 0.08983735432344502
220 0.09003834460744557
221 0.09067616342599605
222 0.08886461370041468
223 0.08960369742393229
224 0.08984655972194991
225 0.09012637693807342
226 0.08977931340145584
227 0.08924521856616005
228 0.08927550415973255
229 0.08862276277263928
230 0.08880862361867563
231 0.08975832316383245
232 0.09065821969261818
233 0.09142879625395339
234 0.09039859277454973
235 0.09053681821461076
236 0.0899838509181762
237 0.09012379130453338
238 0.08971385353875021
239 0.08909578646212658
240 0.08879693953726434
241 0.08884577411993938
242 0.09063082573611383
243 0.09156816288816559
244 0.09161801597148202
245 0.0890989994060005
246 0.08836926160952119
247 0.0885705777710728
248 0.08830693697427987
249 0.08827772767702965
250 0.08883285324895698
251 0.0885672296114945
252 0.08890188985464904
253 0.08964877897003794
254 0.08839211287875846
255 0.08822450894234404
256 0.08817394374097935
257 0.08825304856813257
258 0.08875502846425785
259 0.0885853307368533
260 0.0882190865319615
261 0.08798824137228714
262 0.08781474732437149
263 0.08754894188314385
264 0.088299256653027
265 0.08885310817659282
266 0.0892194964433046
267 0.0892655021027852
268 0.08802723664245567
269 0.0890734139539748
270 0.0912914219931141
271 0.09118700269050778
272 0.09080882494283057
273 0.09058442971304483
274 0.08981354596768874
275 0.0895211374526191
276 0.0901750960289802
277 0.0886784780263573
278 0.0889599730509722
279 0.08979691690758514
280 0.09119016048060188
281 0.09138653091321705
282 0.09013953307303826
283 0.09043190788755616
284 0.09022451252504604
285 0.08984954106723994
286 0.08901868544792808
287 0.08818480596738526
288 0.08873289760596367
289 0.08849198507162337
290 0.08805106846096229
291 0.09051889503685026
292 0.08971977593967588
293 0.08895263963229477
294 0.08815768990840903
295 0.08815176897679838
296 0.08873030416577946
297 0.08834592391648663
298 0.08796117740667787
299 0.08730842509692383
300 0.08796557580101437
301 0.08835597549750762
302 0.09077123843290794
303 0.090163673413034
304 0.08970944458808996
305 0.08758018992029752
306 0.08862216489367597
307 0.08902820534921715
308 0.08895123272815769
309 0.08915255578930059
310 0.08914330354058846
311 0.0875272496382897
312 0.08786452305496666
313 0.08781146764819224
314 0.0873008048165979
315 0.08799560824605294
316 0.08847659866107585
317 0.08835272540030029
318 0.08835844095371245
319 0.08811158040408287
320 0.08801663714818594
321 0.08839329486673202
322 0.08820609274504472
323 0.0888946359674556
324 0.08803959521692487
325 0.0872373231039519
326 0.0873804386781301
327 0.08720952318034625
328 0.08629375189618858
329 0.08655609233582108
330 0.08830605316884751
331 0.0875356645343402
332 0.08750262054259846
333 0.08747864617383662
334 0.08821398369067358
335 0.08791271594176987
336 0.08703597706949522
337 0.08822309095058903
338 0.08842707342302536
339 0.08820395455944169
340 0.0875294435835535
341 0.08737689360770076
342 0.08860669398013989
343 0.08679694444294384
344 0.0873200319262645
345 0.08816197523550386
346 0.08951732015940775
347 0.0891389216286362
348 0.08714463783742003
349 0.08779016954776123
350 0.0878312246521756
351 0.0884335587512642
352 0.08756755922838988
353 0.08717277440118051
354 0.08890088687834395
355 0.08906900643899367
356 0.08928023736181888
357 0.08728582630692468
358 0.0877327859782263
359 0.08697984737620908
360 0.08685524276489935
361 0.08685412536532121
362 0.08685480810443635
363 0.08834906529927193
364 0.08769574366165216
365 0.08795085752679167
366 0.08777375653499656
367 0.08660212733146848
368 0.08702970781398686
369 0.08726306184598107
370 0.08711270796972927
371 0.08774105936451894
372 0.08719325321746431
373 0.08719893161561057
374 0.08792343739765268
375 0.08821506294336709
376 0.08752233538914202
377 0.08879054290363345
378 0.08828045203158162
379 0.0900645377032347
380 0.08957703531567741
381 0.09070026970033589
382 0.08682909609894655
383 0.08679503489477546
384 0.08709731098546787
385 0.08736068690176899
386 0.08755651230022336
387 0.0875563438569457
388 0.08767443002647342
389 0.0873410419928428
390 0.08727218438322788
391 0.08753379460090696
392 0.08796923241191398
393 0.0881672197079869
394 0.08729097303273552
395 0.08772100078151975
396 0.08815667002083313
397 0.08828940678973275
398 0.08768870484907845
399 0.0868336025484589
400 0.08667944231104342
401 0.08687346425006974
402 0.08675533963942393
403 0.08761552771524618
404 0.0875875673483081
405 0.08690178351079574
406 0.08854066740333465
407 0.08819977421089492
408 0.08814167472460922
409 0.08672250565765051
410 0.08717838518262021
411 0.08734803783897392
412 0.08753320537476098
413 0.08779683560074354
414 0.08826069767907034
415 0.08670674239726044
416 0.08676515947212969
417 0.08695052008880358
418 0.08665462367906676
419 0.0870771466971888
420 0.08664907108572747
421 0.08868613962974548
422 0.08937707598313047
423 0.0890804622769965
424 0.08719466341559319
425 0.08718846034161656
426 0.08670531600885573
427 0.08738088938420638
428 0.08736631114893884
429 0.08705299112161402
430 0.08748510523482864
431 0.08729128834261185
432 0.08871508974303603
433 0.089549562869505
434 0.0889313684744543
435 0.08798772928447798
436 0.0866661828615667
437 0.08631805989495991
438 0.08822015249389008
439 0.08792905618301959
440 0.08708771209755128
441 0.08696082964878162
442 0.08682412847790391
443 0.08689053680336636
444 0.08751531898685808
445 0.08785883526259915
446 0.08856344935700125
447 0.08812069187109212
448 0.08678047396766395
449 0.0872276995447206
450 0.08759056412660796
451 0.08732399941260967
452 0.08712393593694799
453 0.08716492625610303
454 0.08803045770577426
455 0.08824083150481854
456 0.0871842941435297
457 0.08720493364739067
458 0.08872907231848853
459 0.0873912520487229
460 0.08707910908709586
461 0.08803823100519229
462 0.08846908205708248
463 0.08809228926811553
464 0.08638338911185155
465 0.08788043480656058
466 0.08845953534723817
467 0.08710302377808923
468 0.08758644722015928
469 0.08714765435195516
470 0.08685286009836078
471 0.08696185639020779
472 0.08737827186468843
473 0.08893670440953703
474 0.08882629159910949
475 0.08824703715624962
476 0.08843971045969894
477 0.08838918091916574
478 0.0886599523205099
479 0.08878239439341315
480 0.08780027115560532
481 0.08716821477589562
482 0.08753861201019303
483 0.08706690539050682
484 0.08647162510438457
485 0.08667544248672335
486 0.08773667048424631
487 0.0873062151867486
488 0.08821194891168184
489 0.08815765160876221
490 0.08794447372741393
491 0.08789779681091477
492 0.08927724400055588
493 0.08918619462902268
494 0.08852113537563663
495 0.08646055444672561
496 0.08702718577754635
497 0.0884404981586152
498 0.08793763822372022
499 0.08756017488078327
500 0.08671642519421298
