1 [40, 39, 44, 36, 28, 39, 36, 34, 31, 33, 39, 33, 31, 28, 39, 33, 35, 36, 38, 36]
2 [36, 29, 31, 33, 39, 33, 31, 28, 39, 33, 35, 36, 38, 36, 31, 28, 29, 32, 27, 37]
3 [33, 28, 39, 33, 35, 36, 38, 36, 31, 28, 30, 32, 27, 37, 30, 26, 25, 30, 28, 28]
4 [38, 34, 31, 28, 30, 32, 27, 37, 30, 26, 25, 30, 28, 28, 28, 23, 27, 25, 28, 25]
5 [27, 37, 30, 26, 25, 30, 28, 28, 28, 23, 27, 25, 28, 25, 25, 23, 22, 26, 25, 25]
6 [28, 28, 28, 23, 27, 25, 28, 25, 25, 23, 22, 26, 25, 25, 23, 22, 22, 23, 23, 23]
7 [28, 25, 25, 24, 22, 26, 25, 25, 23, 21, 22, 23, 23, 23, 22, 22, 22, 22, 22, 22]
8 [25, 25, 23, 26, 22, 23, 23, 23, 22, 26, 22, 22, 22, 22, 23, 20, 21, 22, 23, 22]
9 [23, 23, 22, 25, 22, 22, 22, 22, 23, 20, 21, 22, 23, 22, 22, 20, 20, 21, 21, 22]
10 [22, 22, 23, 20, 21, 22, 23, 22, 22, 23, 20, 21, 21, 22, 20, 20, 20, 20, 20, 19]
11 [23, 22, 22, 23, 20, 21, 21, 22, 20, 20, 20, 20, 20, 19, 20, 19, 20, 19, 20, 21]
12 [21, 22, 20, 20, 20, 20, 20, 19, 20, 19, 20, 19, 20, 21, 19, 20, 19, 24, 19, 19]
13 [20, 19, 20, 19, 20, 19, 20, 21, 19, 20, 19, 24, 19, 19, 19, 19, 19, 19, 19, 19]
14 [20, 21, 19, 20, 19, 24, 19, 19, 19, 19, 19, 19, 19, 19, 19, 19, 19, 19, 19, 19]
15 [19, 19, 19, 19, 19, 19, 19, 19, 19, 15, 19, 19, 19, 19, 19, 19, 19, 19, 19, 19]
16 [19, 19, 21, 15, 19, 19, 19, 19, 19, 19, 19, 19, 20, 19, 18, 16, 17, 17, 23, 19]
17 [19, 19, 19, 19, 19, 19, 20, 19, 18, 16, 17, 17, 23, 19, 20, 15, 15, 18, 18, 15]
18 [20, 19, 18, 16, 17, 17, 23, 25, 20, 15, 15, 18, 18, 15, 14, 16, 15, 15, 15, 15]
19 [23, 25, 20, 15, 15, 18, 18, 15, 15, 16, 15, 15, 15, 15, 17, 14, 15, 14, 15, 15]
20 [18, 15, 15, 21, 15, 15, 15, 15, 17, 14, 15, 14, 15, 18, 14, 15, 14, 14, 14, 15]
21 [15, 15, 17, 14, 15, 14, 15, 18, 14, 15, 14, 14, 14, 15, 14, 14, 14, 14, 14, 14]
22 [15, 18, 14, 15, 14, 19, 14, 15, 14, 14, 14, 16, 14, 14, 14, 14, 14, 14, 14, 14]
23 [14, 15, 14, 14, 14, 16, 14, 14, 14, 14, 14, 14, 14, 14, 14, 14, 14, 14, 14, 14]
24 [14, 14, 14, 14, 14, 14, 14, 14, 14, 14, 14, 14, 14, 17, 17, 14, 14, 14, 14, 14]
25 [14, 14, 14, 14, 14, 14, 14, 18, 17, 14, 14, 14, 15, 14, 14, 14, 14, 14, 14, 14]
26 [14, 18, 17, 14, 14, 14, 15, 14, 14, 14, 14, 14, 14, 14, 14, 14, 14, 14, 14, 14]
27 [15, 14, 14, 14, 13, 14, 14, 14, 14, 14, 14, 14, 14, 14, 14, 14, 14, 14, 14, 14]
28 [14, 14, 14, 14, 14, 14, 14, 14, 14, 14, 16, 14, 13, 20, 14, 13, 14, 13, 14, 15]
29 [14, 14, 14, 14, 16, 14, 13, 20, 14, 13, 14, 13, 14, 15, 13, 13, 12, 15, 17, 13]
30 [13, 20, 14, 13, 14, 13, 14, 15, 13, 15, 12, 15, 17, 13, 13, 12, 11, 14, 13, 15]
31 [14, 15, 13, 15, 18, 15, 17, 13, 13, 12, 14, 14, 13, 15, 11, 12, 12, 11, 12, 12]
32 [19, 13, 16, 12, 14, 14, 17, 15, 11, 12, 12, 11, 12, 12, 12, 11, 11, 11, 11, 12]
33 [17, 15, 11, 12, 12, 11, 12, 12, 12, 11, 13, 11, 11, 12, 11, 11, 11, 11, 11, 11]
34 [12, 12, 16, 11, 13, 11, 11, 12, 11, 13, 11, 11, 11, 11, 11, 11, 13, 11, 11, 11]
35 [11, 12, 11, 13, 11, 11, 11, 11, 11, 11, 13, 11, 11, 11, 11, 11, 11, 17, 11, 11]
36 [11, 14, 11, 11, 13, 11, 11, 11, 11, 11, 11, 17, 11, 11, 15, 11, 14, 11, 11, 11]
37 [11, 11, 11, 11, 11, 17, 11, 11, 15, 11, 14, 11, 10, 11, 11, 11, 12, 11, 11, 11]
38 [11, 13, 15, 11, 14, 11, 10, 11, 11, 11, 12, 11, 11, 11, 11, 10, 11, 12, 11, 11]
39 [10, 11, 11, 16, 12, 11, 11, 12, 11, 10, 11, 15, 11, 11, 10, 11, 12, 10, 10, 11]
40 [11, 12, 11, 10, 11, 15, 11, 11, 10, 11, 12, 10, 10, 11, 11, 13, 10, 10, 10, 10]
41 [11, 11, 10, 11, 17, 10, 10, 11, 11, 13, 13, 10, 10, 15, 10, 10, 10, 10, 10, 14]
42 [10, 11, 11, 13, 13, 10, 10, 17, 10, 10, 10, 10, 10, 14, 10, 10, 10, 10, 10, 10]
43 [10, 17, 10, 10, 10, 10, 10, 14, 10, 10, 10, 10, 10, 10, 10, 10, 10, 10, 12, 10]
44 [10, 14, 10, 10, 10, 10, 10, 10, 10, 10, 10, 10, 12, 15, 10, 10, 10, 10, 10, 10]
45 [10, 10, 10, 10, 10, 10, 12, 17, 10, 10, 10, 10, 10, 10, 10, 10, 10, 10, 10, 10]
46 [12, 17, 10, 12, 10, 10, 10, 10, 13, 11, 10, 10, 10, 12, 10, 10, 10, 14, 10, 10]
47 [10, 10, 13, 11, 10, 10, 10, 12, 10, 10, 10, 14, 10, 17, 10, 10, 10, 10, 10, 10]
48 [10, 12, 10, 13, 10, 14, 10, 17, 10, 10, 10, 10, 10, 10, 10, 10, 10, 6, 10, 8]
49 [10, 17, 10, 10, 10, 10, 10, 10, 10, 10, 10, 6, 10, 8, 7, 9, 6, 8, 10, 8]
50 [10, 10, 10, 10, 10, 6, 10, 8, 7, 9, 6, 8, 10, 8, 8, 7, 7, 6, 6, 8]
51 [10, 8, 7, 9, 6, 8, 10, 8, 8, 7, 7, 6, 6, 8, 8, 7, 7, 8, 7, 7]
52 [8, 8, 13, 7, 7, 6, 6, 8, 8, 7, 7, 13, 7, 7, 9, 4, 9, 6, 12, 7]
53 [6, 8, 8, 7, 9, 13, 7, 7, 9, 4, 9, 6, 12, 7, 7, 9, 6, 4, 6, 8]
54 [7, 7, 9, 4, 9, 6, 13, 7, 8, 9, 6, 8, 6, 8, 11, 4, 4, 4, 6, 4]
55 [13, 7, 8, 9, 6, 9, 6, 8, 11, 4, 4, 4, 6, 7, 4, 4, 8, 4, 4, 4]
56 [6, 8, 11, 4, 4, 4, 6, 7, 4, 4, 8, 4, 4, 4, 4, 4, 4, 4, 4, 4]
57 [15, 7, 4, 4, 8, 4, 4, 4, 4, 4, 4, 4, 4, 4, 4, 4, 4, 4, 4, 3]
58 [5, 4, 7, 4, 4, 4, 4, 4, 4, 4, 6, 4, 4, 3, 5, 4, 3, 4, 4, 10]
59 [4, 4, 4, 4, 6, 4, 4, 3, 5, 4, 3, 6, 4, 10, 3, 4, 3, 3, 3, 4]
60 [4, 3, 5, 4, 3, 9, 4, 10, 3, 4, 3, 3, 3, 4, 4, 2, 8, 4, 3, 3]
61 [4, 10, 3, 4, 3, 3, 3, 4, 4, 2, 8, 6, 3, 3, 4, 2, 3, 3, 4, 4]
62 [3, 4, 4, 2, 8, 6, 3, 3, 4, 2, 3, 3, 4, 4, 3, 2, 2, 3, 2, 2]
63 [3, 3, 4, 2, 3, 3, 4, 4, 10, 2, 2, 3, 4, 2, 2, 4, 3, 2, 2, 3]
64 [5, 4, 10, 8, 2, 3, 4, 2, 2, 4, 3, 2, 2, 3, 2, 3, 3, 3, 2, 3]
65 [4, 2, 2, 4, 3, 2, 2, 3, 2, 3, 3, 3, 6, 3, 3, 3, 3, 3, 3, 5]
66 [2, 3, 2, 3, 3, 3, 6, 3, 3, 3, 3, 3, 3, 5, 2, 2, 2, 7, 2, 5]
67 [6, 3, 3, 3, 3, 3, 3, 5, 2, 2, 2, 7, 2, 5, 7, 2, 2, 2, 5, 2]
68 [3, 5, 2, 2, 2, 7, 2, 5, 7, 2, 2, 2, 5, 2, 3, 3, 3, 3, 7, 3]
69 [2, 5, 7, 2, 8, 2, 5, 2, 3, 3, 12, 3, 7, 3, 3, 3, 3, 3, 3, 3]
70 [5, 2, 3, 3, 12, 3, 7, 3, 3, 3, 3, 3, 3, 3, 2, 2, 2, 2, 2, 2]
71 [7, 3, 3, 3, 3, 3, 3, 3, 2, 2, 2, 2, 2, 2, 2, 2, 2, 2, 2, 2]
72 [3, 3, 2, 2, 2, 2, 2, 2, 2, 2, 2, 2, 2, 2, 7, 3, 9, 3, 3, 3]
73 [2, 2, 2, 2, 2, 2, 2, 2, 7, 3, 9, 6, 5, 3, 4, 3, 3, 3, 3, 3]
74 [2, 2, 7, 3, 9, 6, 5, 3, 4, 3, 3, 3, 3, 6, 3, 3, 3, 3, 3, 3]
75 [5, 3, 4, 3, 3, 3, 3, 6, 3, 3, 3, 3, 3, 3, 3, 2, 2, 2, 3, 5]
76 [3, 6, 3, 3, 3, 7, 7, 3, 3, 2, 2, 2, 3, 5, 10, 2, 3, 2, 2, 2]
77 [7, 3, 3, 0, 2, 2, 3, 5, 10, 2, 3, 2, 2, 2, 3, 2, 10, 3, 2, 3]
78 [3, 5, 10, 2, 3, 2, 2, 2, 6, 2, 10, 3, 2, 5, 3, 0, 2, 1, 3, 3]
79 [2, 2, 6, 2, 10, 3, 2, 5, 3, 0, 0, 1, 3, 3, 2, 1, 6, 3, 1, 3]
80 [2, 5, 3, 0, 0, 1, 3, 3, 2, 1, 6, 3, 1, 3, 1, 2, 0, 0, 1, 0]
81 [3, 3, 2, 1, 6, 3, 5, 3, 1, 2, 0, 0, 1, 0, 1, 1, 1, 1, 0, 0]
82 [5, 3, 1, 2, 0, 0, 1, 0, 1, 1, 1, 1, 0, 0, 2, 1, 1, 1, 1, 2]
83 [3, 0, 1, 1, 1, 1, 0, 4, 2, 6, 1, 1, 1, 2, 0, 0, 0, 0, 0, 0]
84 [0, 4, 2, 6, 1, 1, 1, 2, 0, 0, 0, 0, 0, 0, 1, 1, 1, 1, 1, 1]
85 [6, 2, 0, 0, 0, 0, 0, 0, 1, 1, 1, 1, 1, 4, 0, 1, 8, 0, 0, 0]
86 [0, 0, 1, 1, 11, 1, 1, 4, 0, 1, 8, 0, 0, 0, 1, 9, 1, 1, 1, 1]
87 [6, 7, 0, 1, 8, 5, 0, 0, 1, 9, 1, 1, 3, 1, 0, 0, 0, 0, 0, 0]
88 [0, 0, 1, 9, 1, 1, 3, 1, 0, 0, 0, 0, 0, 0, 3, 1, 1, 1, 1, 1]
89 [3, 1, 0, 0, 0, 0, 0, 0, 3, 1, 1, 1, 1, 1, 0, 0, 0, 6, 0, 0]
90 [0, 0, 3, 4, 1, 1, 1, 1, 0, 0, 0, 6, 0, 0, 1, 1, 1, 1, 1, 1]
91 [1, 5, 0, 0, 0, 6, 0, 0, 1, 1, 1, 1, 1, 1, 0, 0, 0, 0, 0, 0]
92 [0, 0, 1, 1, 1, 1, 6, 1, 0, 0, 2, 0, 5, 0, 1, 1, 1, 6, 1, 1]
93 [6, 1, 0, 0, 2, 0, 5, 2, 1, 1, 2, 6, 1, 1, 0, 0, 0, 0, 0, 0]
94 [5, 3, 1, 1, 4, 6, 1, 1, 0, 9, 0, 0, 0, 0, 1, 1, 1, 1, 1, 1]
95 [1, 1, 0, 9, 1, 0, 0, 0, 1, 1, 1, 1, 1, 1, 4, 0, 0, 2, 0, 0]
96 [0, 0, 1, 1, 1, 1, 1, 1, 4, 0, 0, 2, 0, 0, 1, 0, 1, 1, 0, 6]
97 [1, 1, 10, 0, 0, 2, 0, 0, 1, 0, 1, 1, 0, 6, 0, 0, 0, 0, 7, 0]
98 [0, 0, 1, 0, 1, 1, 0, 6, 0, 0, 0, 4, 7, 0, 1, 1, 1, 8, 1, 1]
99 [0, 6, 0, 2, 0, 4, 7, 6, 1, 1, 1, 8, 1, 1, 1, 0, 0, 0, 0, 1]
100 [7, 6, 1, 1, 1, 8, 1, 2, 1, 2, 0, 0, 0, 1, 0, 0, 0, 0, 0, 0]
101 [1, 2, 1, 2, 0, 0, 0, 1, 0, 0, 0, 0, 0, 7, 1, 1, 6, 1, 1, 1]
102 [0, 1, 0, 0, 0, 6, 5, 7, 1, 1, 12, 5, 1, 1, 0, 1, 1, 1, 5, 0]
103 [5, 7, 7, 1, 12, 5, 1, 1, 0, 1, 1, 6, 5, 0, 0, 0, 0, 0, 0, 0]
104 [1, 1, 0, 1, 1, 6, 5, 0, 0, 0, 0, 4, 0, 0, 1, 0, 1, 0, 1, 1]
105 [5, 0, 0, 5, 0, 4, 0, 0, 1, 0, 1, 0, 1, 1, 0, 0, 1, 0, 1, 0]
106 [0, 0, 1, 0, 1, 0, 1, 1, 0, 0, 1, 0, 1, 0, 0, 0, 0, 1, 0, 1]
107 [1, 1, 0, 5, 1, 0, 1, 4, 0, 3, 3, 1, 0, 1, 1, 1, 1, 1, 1, 1]
108 [1, 4, 0, 3, 3, 1, 0, 2, 1, 1, 1, 1, 4, 1, 0, 0, 0, 0, 0, 0]
109 [0, 2, 1, 1, 1, 6, 4, 1, 0, 0, 0, 0, 0, 0, 1, 1, 1, 3, 1, 1]
110 [5, 1, 0, 0, 0, 0, 0, 0, 1, 1, 1, 3, 1, 1, 0, 0, 0, 0, 0, 2]
111 [0, 0, 1, 1, 6, 3, 1, 1, 0, 0, 0, 0, 0, 2, 1, 1, 1, 1, 1, 1]
112 [1, 1, 0, 0, 0, 0, 0, 2, 1, 1, 2, 1, 1, 1, 0, 0, 0, 0, 0, 4]
113 [0, 2, 4, 1, 2, 1, 1, 1, 0, 0, 0, 0, 0, 4, 1, 1, 1, 1, 1, 1]
114 [1, 1, 5, 0, 3, 0, 0, 4, 1, 6, 1, 1, 6, 1, 0, 0, 0, 2, 0, 0]
115 [0, 4, 1, 6, 1, 1, 6, 1, 0, 0, 0, 2, 0, 0, 1, 1, 1, 1, 1, 1]
116 [6, 1, 0, 0, 0, 2, 0, 0, 1, 1, 5, 6, 1, 1, 0, 0, 0, 0, 0, 0]
117 [0, 0, 7, 1, 5, 6, 1, 1, 0, 0, 0, 0, 0, 0, 1, 1, 1, 4, 2, 1]
118 [1, 1, 2, 0, 0, 0, 0, 0, 1, 1, 1, 4, 2, 1, 1, 1, 6, 1, 1, 1]
119 [0, 0, 1, 1, 1, 4, 2, 1, 8, 1, 6, 1, 1, 1, 0, 0, 0, 0, 0, 0]
120 [2, 1, 8, 1, 6, 1, 1, 1, 0, 0, 4, 0, 0, 0, 0, 1, 0, 0, 1, 0]
121 [1, 1, 0, 0, 4, 0, 0, 0, 3, 9, 0, 2, 1, 0, 1, 1, 1, 1, 1, 8]
122 [0, 0, 3, 9, 4, 2, 1, 3, 5, 1, 1, 1, 1, 8, 0, 0, 0, 0, 0, 0]
123 [1, 3, 5, 1, 1, 1, 1, 8, 0, 7, 0, 0, 0, 0, 1, 1, 2, 1, 1, 1]
124 [1, 8, 0, 7, 0, 0, 0, 0, 1, 1, 2, 1, 1, 1, 0, 0, 0, 0, 0, 0]
125 [0, 0, 1, 1, 2, 1, 1, 1, 0, 0, 0, 0, 0, 0, 1, 1, 11, 1, 1, 1]
126 [1, 1, 0, 0, 0, 0, 0, 0, 1, 8, 11, 1, 1, 1, 0, 0, 0, 0, 0, 0]
127 [0, 0, 1, 8, 11, 11, 1, 1, 0, 0, 1, 0, 0, 0, 1, 1, 1, 1, 1, 1]
128 [1, 6, 0, 0, 1, 0, 0, 0, 1, 1, 1, 1, 1, 1, 0, 0, 0, 0, 0, 0]
129 [0, 0, 1, 1, 1, 1, 1, 1, 0, 0, 0, 0, 0, 2, 1, 1, 1, 1, 1, 1]
130 [1, 1, 0, 9, 0, 0, 0, 2, 1, 1, 1, 1, 1, 8, 0, 0, 0, 0, 0, 0]
131 [1, 2, 1, 1, 1, 1, 1, 8, 0, 0, 0, 0, 0, 0, 1, 1, 2, 1, 4, 3]
132 [1, 11, 0, 0, 0, 0, 0, 0, 1, 1, 2, 1, 4, 6, 0, 0, 0, 0, 0, 0]
133 [2, 0, 1, 1, 2, 1, 4, 6, 0, 0, 0, 0, 0, 0, 1, 1, 1, 1, 1, 1]
134 [4, 7, 0, 0, 0, 0, 0, 0, 1, 1, 1, 5, 1, 1, 0, 0, 0, 0, 0, 0]
135 [0, 0, 7, 1, 1, 6, 1, 1, 0, 3, 3, 0, 0, 0, 9, 1, 1, 9, 1, 1]
136 [1, 5, 0, 3, 3, 0, 0, 0, 9, 1, 1, 9, 6, 4, 0, 0, 0, 0, 0, 0]
137 [0, 0, 9, 1, 1, 9, 6, 4, 0, 0, 2, 0, 0, 0, 1, 4, 1, 1, 1, 1]
138 [6, 4, 0, 6, 2, 2, 0, 0, 1, 4, 1, 1, 1, 1, 0, 1, 0, 0, 0, 1]
139 [0, 0, 1, 4, 1, 1, 1, 1, 1, 1, 0, 0, 0, 1, 0, 0, 0, 0, 0, 0]
140 [1, 1, 1, 1, 0, 0, 0, 1, 0, 0, 0, 0, 0, 0, 1, 1, 1, 1, 1, 1]
141 [0, 1, 0, 0, 0, 0, 0, 0, 1, 1, 0, 1, 1, 1, 0, 0, 0, 0, 0, 0]
142 [0, 3, 1, 1, 0, 1, 1, 1, 0, 0, 0, 0, 0, 0, 1, 1, 1, 1, 1, 1]
143 [1, 1, 0, 0, 0, 0, 0, 0, 1, 1, 1, 1, 1, 1, 1, 1, 1, 1, 1, 1]
144 [0, 0, 1, 1, 1, 10, 1, 1, 1, 1, 1, 1, 1, 1, 0, 1, 0, 0, 0, 0]
145 [1, 1, 1, 1, 1, 1, 1, 2, 0, 1, 5, 0, 0, 0, 0, 0, 0, 0, 0, 0]
146 [8, 2, 2, 1, 6, 0, 0, 0, 0, 0, 0, 0, 0, 0, 1, 1, 1, 1, 1, 1]
147 [0, 0, 0, 0, 0, 0, 0, 0, 1, 1, 1, 1, 1, 1, 1, 5, 1, 1, 1, 1]
148 [0, 0, 1, 1, 2, 1, 1, 1, 1, 5, 5, 1, 1, 4, 0, 0, 0, 0, 0, 0]
149 [3, 1, 1, 9, 5, 1, 1, 4, 0, 0, 0, 0, 0, 0, 1, 2, 3, 5, 1, 1]
150 [1, 4, 0, 0, 5, 0, 0, 0, 1, 2, 3, 5, 1, 1, 1, 3, 2, 2, 1, 1]
151 [5, 3, 1, 2, 3, 5, 1, 1, 1, 2, 2, 2, 1, 1, 2, 3, 2, 3, 3, 3]
152 [1, 1, 1, 2, 4, 2, 1, 1, 2, 3, 2, 3, 3, 3, 2, 2, 2, 1, 2, 4]
153 [1, 1, 2, 3, 2, 3, 3, 3, 2, 2, 2, 1, 2, 4, 0, 3, 1, 0, 1, 1]
154 [3, 3, 2, 2, 4, 1, 2, 4, 0, 3, 1, 0, 1, 1, 3, 2, 2, 0, 2, 1]
155 [2, 4, 0, 3, 1, 0, 1, 1, 3, 2, 2, 4, 2, 1, 2, 3, 1, 0, 0, 3]
156 [2, 1, 1, 2, 2, 4, 2, 1, 2, 3, 1, 0, 0, 3, 2, 1, 1, 1, 2, 1]
157 [2, 1, 2, 3, 1, 0, 0, 3, 2, 1, 1, 1, 2, 1, 1, 2, 2, 1, 0, 0]
158 [0, 3, 2, 1, 1, 1, 2, 1, 1, 2, 2, 5, 0, 0, 2, 0, 2, 3, 1, 1]
159 [2, 1, 1, 2, 2, 5, 0, 0, 2, 9, 2, 3, 1, 1, 0, 2, 2, 1, 0, 1]
160 [0, 0, 2, 9, 2, 3, 1, 1, 0, 2, 2, 1, 0, 1, 1, 8, 0, 1, 1, 1]
161 [1, 1, 0, 2, 2, 1, 0, 1, 1, 8, 0, 1, 3, 1, 0, 2, 2, 2, 2, 0]
162 [0, 1, 1, 8, 0, 5, 3, 2, 0, 2, 2, 2, 2, 0, 2, 0, 0, 2, 2, 2]
163 [3, 2, 0, 2, 2, 2, 2, 0, 2, 0, 0, 2, 2, 2, 0, 0, 0, 2, 0, 0]
164 [2, 0, 2, 0, 0, 1, 2, 2, 0, 0, 0, 2, 0, 0, 2, 2, 2, 2, 2, 2]
165 [2, 2, 0, 0, 0, 2, 0, 3, 1, 2, 4, 2, 2, 2, 0, 0, 0, 0, 0, 0]
166 [0, 3, 1, 2, 4, 2, 2, 2, 0, 0, 0, 0, 0, 0, 1, 0, 0, 1, 2, 2]
167 [2, 2, 0, 0, 0, 0, 0, 0, 1, 0, 0, 1, 2, 2, 1, 0, 1, 0, 0, 0]
168 [0, 0, 1, 0, 0, 1, 2, 4, 2, 2, 1, 0, 1, 4, 1, 3, 0, 1, 1, 1]
169 [2, 4, 2, 2, 1, 0, 1, 6, 1, 3, 6, 1, 1, 1, 2, 0, 2, 0, 0, 0]
170 [1, 6, 1, 3, 6, 1, 1, 1, 2, 2, 2, 0, 0, 0, 2, 2, 2, 2, 2, 2]
171 [1, 1, 2, 2, 6, 0, 0, 0, 2, 2, 2, 2, 4, 2, 4, 0, 0, 0, 0, 0]
172 [0, 2, 2, 2, 5, 1, 4, 2, 4, 0, 0, 0, 0, 0, 1, 2, 1, 1, 1, 2]
173 [4, 2, 4, 0, 0, 0, 0, 0, 1, 2, 1, 1, 1, 2, 1, 1, 1, 1, 1, 1]
174 [0, 3, 1, 2, 1, 2, 1, 2, 1, 2, 1, 1, 1, 1, 2, 2, 2, 2, 2, 2]
175 [1, 2, 1, 2, 1, 1, 1, 1, 2, 2, 2, 2, 2, 2, 2, 0, 3, 1, 1, 2]
176 [1, 1, 2, 3, 2, 2, 2, 2, 2, 0, 3, 1, 1, 2, 1, 0, 1, 0, 2, 1]
177 [2, 2, 2, 0, 3, 1, 1, 2, 1, 0, 1, 0, 2, 1, 0, 0, 2, 0, 0, 7]
178 [1, 2, 1, 0, 1, 0, 2, 2, 0, 0, 2, 0, 0, 7, 2, 1, 2, 2, 2, 2]
179 [2, 2, 0, 0, 2, 0, 2, 9, 2, 1, 2, 2, 2, 2, 1, 1, 1, 1, 1, 1]
180 [2, 9, 2, 1, 2, 2, 2, 2, 1, 1, 1, 1, 1, 1, 0, 0, 6, 0, 0, 3]
181 [2, 2, 1, 1, 1, 1, 1, 1, 0, 0, 6, 0, 0, 3, 0, 0, 0, 0, 0, 0]
182 [1, 1, 0, 6, 6, 0, 0, 3, 0, 0, 0, 0, 0, 0, 2, 1, 2, 1, 1, 1]
183 [1, 3, 0, 5, 5, 0, 0, 0, 2, 1, 2, 1, 1, 1, 2, 1, 2, 2, 2, 1]
184 [0, 2, 2, 1, 2, 1, 1, 1, 2, 1, 2, 2, 2, 1, 0, 0, 0, 0, 0, 0]
185 [1, 1, 2, 1, 2, 2, 2, 1, 0, 0, 0, 0, 0, 0, 2, 2, 2, 2, 2, 2]
186 [2, 1, 0, 0, 0, 0, 0, 0, 2, 5, 2, 2, 2, 2, 1, 1, 1, 1, 4, 1]
187 [7, 0, 2, 5, 2, 2, 2, 2, 1, 1, 1, 1, 4, 1, 0, 2, 0, 2, 0, 0]
188 [2, 2, 1, 1, 5, 1, 4, 1, 0, 2, 0, 2, 0, 0, 1, 0, 1, 0, 1, 1]
189 [4, 1, 0, 2, 0, 2, 0, 0, 1, 5, 1, 0, 1, 1, 2, 2, 2, 2, 3, 2]
190 [0, 0, 1, 8, 4, 0, 0, 1, 2, 2, 4, 1, 3, 1, 0, 1, 1, 0, 0, 0]
191 [0, 1, 2, 2, 4, 1, 4, 1, 0, 1, 1, 0, 0, 0, 2, 1, 2, 2, 2, 1]
192 [4, 1, 0, 1, 1, 0, 0, 0, 2, 4, 2, 2, 2, 1, 0, 0, 0, 0, 0, 9]
193 [0, 0, 2, 4, 2, 2, 2, 1, 0, 0, 2, 0, 0, 9, 1, 1, 1, 1, 1, 1]
194 [5, 1, 0, 0, 2, 0, 0, 9, 1, 1, 1, 1, 1, 1, 2, 2, 2, 2, 2, 2]
195 [0, 9, 1, 1, 1, 1, 1, 1, 2, 6, 2, 2, 2, 2, 0, 0, 0, 0, 0, 0]
196 [1, 1, 2, 6, 2, 2, 2, 2, 0, 0, 2, 0, 0, 0, 1, 1, 1, 1, 1, 1]
197 [2, 2, 0, 0, 2, 0, 0, 0, 1, 1, 1, 1, 1, 1, 2, 2, 2, 2, 2, 2]
198 [0, 0, 1, 2, 1, 1, 1, 4, 2, 2, 2, 2, 2, 2, 0, 0, 0, 0, 0, 0]
199 [5, 4, 2, 2, 2, 2, 4, 2, 0, 0, 0, 0, 0, 0, 2, 1, 1, 1, 1, 1]
200 [4, 2, 0, 0, 0, 0, 0, 0, 2, 2, 1, 1, 1, 1, 2, 2, 2, 2, 2, 2]
201 [0, 0, 2, 2, 1, 1, 1, 1, 2, 2, 2, 2, 2, 2, 1, 1, 1, 1, 5, 1]
202 [1, 1, 2, 2, 2, 2, 2, 2, 1, 1, 3, 1, 5, 1, 0, 2, 0, 0, 0, 6]
203 [2, 2, 1, 1, 3, 1, 5, 1, 0, 2, 0, 0, 0, 6, 0, 0, 0, 3, 0, 0]
204 [5, 1, 6, 2, 3, 0, 0, 6, 0, 0, 0, 3, 0, 0, 2, 2, 2, 2, 2, 2]
205 [0, 6, 0, 0, 0, 3, 0, 0, 5, 2, 2, 2, 2, 2, 0, 1, 1, 2, 1, 3]
206 [0, 0, 5, 2, 2, 2, 2, 2, 0, 1, 1, 2, 1, 3, 1, 1, 1, 2, 1, 1]
207 [2, 2, 0, 1, 1, 2, 1, 3, 1, 1, 4, 2, 1, 1, 0, 0, 0, 0, 0, 0]
208 [1, 3, 1, 1, 4, 2, 1, 1, 3, 0, 0, 0, 6, 0, 0, 2, 2, 2, 2, 0]
209 [1, 4, 3, 0, 0, 0, 6, 0, 0, 2, 2, 2, 2, 0, 2, 2, 2, 2, 1, 2]
210 [6, 0, 0, 2, 2, 2, 2, 3, 2, 2, 2, 2, 1, 2, 0, 1, 1, 0, 0, 0]
211 [2, 3, 2, 2, 2, 2, 1, 2, 0, 1, 1, 0, 0, 0, 0, 1, 1, 1, 1, 0]
212 [1, 1, 0, 1, 1, 0, 0, 0, 0, 1, 1, 1, 1, 0, 2, 2, 2, 2, 2, 2]
213 [0, 0, 0, 1, 1, 1, 1, 0, 2, 2, 2, 2, 2, 2, 1, 1, 1, 1, 1, 1]
214 [3, 5, 2, 2, 2, 2, 2, 2, 1, 1, 1, 1, 1, 1, 0, 0, 0, 0, 0, 0]
215 [3, 0, 1, 1, 1, 1, 1, 1, 0, 0, 0, 0, 0, 5, 2, 1, 2, 2, 2, 2]
216 [1, 1, 0, 0, 0, 0, 0, 5, 2, 1, 2, 2, 2, 2, 0, 1, 0, 1, 6, 0]
217 [0, 5, 2, 1, 2, 2, 2, 6, 0, 1, 0, 1, 10, 0, 1, 1, 1, 1, 1, 1]
218 [2, 6, 0, 1, 0, 1, 10, 0, 1, 1, 1, 1, 1, 1, 1, 1, 1, 1, 2, 2]
219 [10, 0, 1, 1, 1, 1, 1, 1, 1, 1, 1, 1, 2, 2, 4, 2, 1, 1, 1, 2]
220 [1, 1, 1, 1, 1, 1, 2, 8, 6, 2, 1, 1, 1, 2, 1, 1, 2, 0, 2, 2]
221 [2, 8, 6, 3, 1, 1, 0, 2, 1, 1, 2, 0, 2, 2, 1, 0, 0, 1, 1, 0]
222 [0, 2, 1, 1, 2, 0, 2, 2, 1, 0, 0, 1, 1, 0, 0, 0, 0, 0, 6, 0]
223 [2, 2, 1, 0, 0, 1, 1, 0, 0, 0, 0, 6, 6, 0, 2, 2, 3, 1, 1, 2]
224 [1, 0, 0, 4, 0, 6, 6, 0, 2, 2, 3, 1, 1, 2, 1, 2, 2, 2, 2, 1]
225 [6, 0, 2, 2, 3, 1, 4, 2, 1, 2, 2, 3, 2, 1, 0, 0, 0, 0, 0, 0]
226 [4, 5, 1, 2, 2, 3, 2, 1, 0, 0, 0, 5, 0, 0, 2, 1, 4, 1, 1, 2]
227 [2, 1, 0, 0, 0, 5, 6, 0, 2, 3, 4, 1, 1, 2, 1, 1, 1, 3, 1, 1]
228 [6, 0, 2, 3, 4, 1, 1, 0, 1, 1, 1, 3, 2, 1, 2, 2, 2, 2, 2, 2]
229 [1, 0, 1, 1, 1, 3, 2, 1, 2, 2, 2, 2, 1, 2, 1, 0, 1, 1, 1, 0]
230 [2, 1, 2, 2, 2, 2, 1, 2, 0, 0, 1, 1, 1, 0, 1, 1, 0, 0, 0, 0]
231 [1, 2, 0, 0, 1, 6, 1, 0, 1, 1, 0, 4, 0, 0, 0, 1, 2, 0, 0, 3]
232 [1, 0, 1, 1, 0, 4, 0, 0, 2, 1, 9, 0, 0, 3, 2, 1, 2, 1, 1, 8]
233 [0, 0, 2, 1, 9, 0, 8, 5, 2, 1, 2, 1, 1, 11, 1, 1, 2, 3, 0, 2]
234 [8, 5, 2, 1, 2, 1, 1, 11, 1, 1, 2, 3, 0, 2, 0, 0, 0, 0, 0, 0]
235 [1, 11, 1, 1, 2, 3, 0, 2, 0, 0, 0, 0, 9, 0, 4, 0, 0, 0, 0, 0]
236 [5, 2, 0, 0, 0, 0, 9, 0, 4, 1, 0, 0, 0, 0, 1, 2, 1, 4, 4, 2]
237 [9, 0, 4, 1, 0, 0, 0, 0, 1, 2, 1, 4, 7, 2, 2, 1, 1, 1, 1, 2]
238 [0, 0, 1, 2, 1, 7, 7, 4, 2, 1, 1, 1, 1, 2, 0, 0, 0, 0, 0, 0]
239 [7, 4, 2, 1, 1, 1, 2, 2, 0, 0, 0, 0, 0, 0, 2, 2, 1, 2, 1, 2]
240 [2, 2, 0, 0, 0, 0, 0, 0, 3, 2, 1, 2, 1, 2, 3, 1, 1, 1, 1, 1]
241 [0, 0, 3, 2, 1, 2, 1, 2, 3, 1, 1, 1, 1, 1, 1, 1, 1, 1, 4, 0]
242 [1, 2, 3, 3, 1, 1, 1, 1, 1, 1, 1, 1, 4, 0, 1, 1, 1, 11, 1, 1]
243 [1, 1, 1, 1, 1, 1, 8, 0, 1, 1, 1, 11, 1, 1, 2, 5, 0, 1, 3, 1]
244 [8, 0, 1, 1, 1, 11, 1, 1, 2, 5, 0, 1, 3, 1, 0, 2, 2, 0, 0, 0]
245 [1, 4, 2, 5, 0, 3, 3, 1, 0, 2, 2, 0, 0, 0, 2, 1, 1, 1, 1, 2]
246 [3, 1, 0, 2, 2, 0, 0, 0, 2, 1, 1, 4, 1, 2, 1, 2, 2, 0, 0, 1]
247 [0, 2, 2, 1, 1, 4, 1, 2, 1, 2, 2, 0, 0, 1, 2, 1, 1, 0, 0, 1]
248 [1, 2, 1, 2, 2, 0, 0, 1, 2, 1, 1, 0, 0, 1, 1, 0, 0, 2, 1, 2]
249 [0, 1, 2, 1, 1, 0, 0, 1, 1, 0, 0, 2, 1, 2, 1, 1, 1, 1, 1, 1]
250 [2, 1, 1, 0, 0, 2, 1, 2, 1, 1, 1, 1, 1, 1, 2, 2, 2, 0, 2, 2]
251 [1, 2, 1, 0, 1, 1, 1, 0, 2, 2, 2, 0, 2, 2, 4, 2, 0, 0, 0, 0]
252 [1, 0, 2, 2, 2, 0, 2, 1, 4, 2, 0, 0, 0, 0, 0, 0, 0, 0, 2, 0]
253 [2, 1, 4, 2, 0, 8, 0, 0, 0, 0, 0, 0, 2, 0, 1, 0, 1, 3, 2, 0]
254 [0, 0, 3, 0, 0, 0, 2, 0, 2, 0, 1, 3, 2, 0, 1, 2, 2, 1, 1, 1]
255 [2, 0, 2, 0, 1, 3, 2, 0, 1, 2, 2, 1, 1, 1, 2, 2, 0, 0, 0, 2]
256 [2, 0, 1, 2, 2, 1, 1, 1, 3, 2, 0, 0, 0, 2, 0, 0, 2, 0, 0, 1]
257 [1, 1, 3, 2, 0, 0, 1, 2, 0, 0, 2, 0, 0, 1, 2, 2, 2, 2, 2, 2]
258 [4, 2, 0, 1, 2, 0, 0, 1, 2, 2, 0, 2, 0, 2, 1, 1, 1, 1, 1, 1]
259 [0, 1, 4, 3, 0, 2, 0, 2, 1, 1, 1, 1, 1, 1, 0, 0, 0, 0, 0, 0]
260 [0, 2, 1, 1, 1, 1, 3, 1, 0, 0, 0, 0, 0, 0, 1, 2, 2, 2, 0, 1]
261 [3, 1, 0, 0, 0, 3, 0, 0, 1, 0, 2, 2, 0, 1, 1, 1, 2, 0, 2, 2]
262 [0, 2, 1, 0, 2, 2, 0, 1, 1, 1, 2, 0, 2, 2, 0, 1, 1, 0, 0, 0]
263 [0, 1, 1, 1, 2, 0, 2, 2, 0, 1, 1, 0, 0, 0, 1, 1, 1, 1, 1, 1]
264 [2, 2, 0, 2, 1, 0, 0, 0, 1, 1, 1, 1, 1, 1, 2, 2, 2, 2, 2, 3]
265 [0, 0, 1, 1, 1, 1, 1, 1, 2, 2, 2, 6, 2, 3, 0, 0, 0, 0, 0, 0]
266 [1, 1, 2, 2, 2, 6, 2, 3, 0, 0, 0, 5, 0, 0, 2, 2, 2, 2, 2, 2]
267 [2, 3, 0, 0, 0, 10, 0, 5, 2, 2, 2, 2, 2, 2, 1, 0, 1, 1, 1, 0]
268 [0, 5, 2, 2, 2, 2, 2, 2, 1, 0, 1, 1, 1, 0, 1, 1, 1, 1, 1, 1]
269 [2, 2, 1, 0, 1, 1, 1, 0, 1, 1, 2, 8, 1, 1, 0, 0, 0, 0, 0, 0]
270 [7, 0, 1, 1, 2, 8, 1, 2, 0, 0, 3, 0, 0, 0, 2, 1, 2, 2, 2, 7]
271 [1, 2, 4, 0, 3, 0, 0, 0, 2, 1, 2, 2, 2, 10, 1, 1, 1, 1, 6, 1]
272 [0, 0, 2, 1, 2, 2, 2, 10, 1, 6, 1, 1, 6, 1, 0, 0, 0, 4, 0, 0]
273 [2, 12, 1, 6, 1, 1, 6, 1, 0, 0, 0, 4, 0, 0, 2, 2, 2, 2, 2, 2]
274 [6, 1, 0, 0, 0, 4, 0, 0, 2, 2, 2, 2, 4, 2, 1, 4, 5, 1, 1, 1]
275 [0, 0, 2, 2, 2, 2, 4, 2, 1, 4, 5, 1, 1, 1, 2, 1, 1, 0, 0, 0]
276 [4, 2, 1, 4, 5, 1, 4, 1, 2, 1, 1, 0, 0, 0, 2, 0, 0, 0, 1, 1]
277 [4, 1, 2, 1, 1, 0, 0, 0, 2, 0, 0, 0, 1, 1, 1, 2, 2, 1, 2, 1]
278 [0, 0, 2, 0, 0, 0, 1, 1, 1, 2, 2, 1, 2, 1, 2, 2, 2, 1, 2, 6]
279 [1, 1, 1, 2, 2, 1, 2, 1, 2, 2, 2, 1, 2, 6, 5, 1, 1, 4, 1, 1]
280 [2, 1, 2, 2, 1, 1, 2, 10, 5, 0, 1, 4, 9, 1, 2, 1, 1, 1, 1, 1]
281 [2, 10, 5, 0, 1, 4, 9, 1, 2, 1, 1, 1, 1, 2, 2, 0, 1, 1, 2, 2]
282 [9, 1, 2, 1, 1, 5, 1, 2, 2, 0, 1, 1, 2, 2, 2, 0, 0, 0, 1, 1]
283 [1, 2, 2, 0, 1, 1, 2, 2, 2, 0, 3, 0, 1, 1, 1, 0, 0, 0, 2, 2]
284 [2, 2, 2, 0, 3, 0, 2, 4, 1, 0, 0, 0, 2, 2, 2, 1, 1, 2, 2, 1]
285 [2, 4, 1, 0, 0, 0, 2, 2, 2, 1, 1, 2, 2, 1, 1, 0, 1, 0, 3, 1]
286 [0, 4, 2, 1, 1, 2, 2, 1, 1, 0, 1, 0, 3, 1, 1, 0, 0, 1, 1, 1]
287 [2, 1, 1, 0, 1, 0, 3, 1, 1, 0, 0, 1, 1, 1, 1, 0, 0, 1, 1, 1]
288 [3, 4, 1, 0, 0, 0, 4, 0, 1, 0, 0, 1, 1, 1, 0, 0, 0, 5, 0, 0]
289 [4, 0, 1, 0, 0, 1, 1, 1, 0, 0, 0, 5, 0, 0, 1, 2, 1, 4, 1, 3]
290 [1, 1, 3, 0, 0, 5, 0, 0, 1, 2, 1, 4, 1, 3, 0, 1, 1, 0, 0, 0]
291 [0, 7, 1, 4, 1, 4, 1, 3, 0, 1, 11, 0, 0, 0, 1, 1, 1, 1, 1, 3]
292 [1, 3, 0, 1, 11, 0, 0, 4, 1, 1, 1, 1, 1, 3, 8, 0, 0, 0, 0, 0]
293 [3, 4, 1, 2, 1, 1, 1, 3, 8, 0, 0, 0, 0, 0, 1, 1, 1, 1, 2, 1]
294 [1, 3, 8, 0, 0, 0, 0, 0, 1, 1, 1, 1, 2, 1, 0, 0, 0, 0, 0, 0]
295 [0, 0, 1, 1, 1, 1, 7, 1, 0, 0, 0, 0, 0, 0, 1, 1, 1, 5, 1, 1]
296 [7, 1, 0, 0, 0, 0, 0, 0, 1, 1, 1, 5, 1, 1, 0, 0, 0, 9, 0, 0]
297 [0, 0, 1, 1, 1, 5, 1, 1, 0, 0, 3, 8, 0, 0, 1, 1, 1, 1, 1, 1]
298 [1, 1, 0, 0, 3, 8, 0, 0, 1, 1, 1, 1, 1, 1, 0, 0, 0, 0, 0, 0]
299 [0, 0, 1, 1, 1, 1, 1, 1, 0, 0, 5, 0, 0, 0, 1, 1, 1, 1, 1, 1]
300 [1, 1, 0, 0, 5, 0, 8, 0, 1, 1, 1, 1, 1, 1, 0, 0, 0, 0, 0, 0]
301 [8, 0, 1, 1, 1, 1, 9, 1, 0, 0, 0, 0, 0, 0, 1, 1, 1, 5, 1, 1]
302 [9, 1, 0, 0, 2, 5, 0, 0, 1, 1, 1, 12, 1, 1, 6, 4, 0, 0, 0, 0]
303 [0, 0, 1, 1, 1, 12, 1, 1, 6, 9, 5, 0, 0, 0, 1, 1, 1, 1, 1, 1]
304 [1, 3, 6, 9, 5, 0, 0, 0, 1, 1, 1, 1, 1, 1, 0, 0, 0, 0, 3, 0]
305 [0, 0, 1, 3, 1, 1, 1, 1, 0, 0, 0, 0, 3, 0, 1, 1, 1, 1, 1, 1]
306 [1, 1, 0, 0, 0, 0, 3, 0, 6, 1, 4, 1, 5, 1, 0, 0, 0, 0, 0, 0]
307 [3, 6, 6, 1, 4, 1, 5, 1, 0, 0, 0, 0, 0, 0, 1, 1, 1, 1, 1, 1]
308 [5, 1, 0, 2, 0, 0, 0, 0, 1, 1, 1, 1, 7, 1, 2, 0, 5, 0, 0, 0]
309 [0, 0, 1, 1, 1, 4, 7, 3, 2, 0, 5, 0, 0, 0, 1, 1, 1, 1, 1, 1]
310 [7, 3, 2, 0, 5, 0, 0, 0, 1, 1, 1, 1, 1, 1, 0, 0, 3, 0, 0, 0]
311 [0, 0, 1, 1, 1, 1, 1, 1, 0, 0, 1, 0, 0, 0, 1, 1, 1, 1, 1, 1]
312 [1, 1, 0, 0, 1, 0, 0, 0, 1, 2, 1, 1, 1, 1, 0, 0, 0, 0, 0, 0]
313 [0, 0, 4, 2, 1, 1, 1, 1, 0, 0, 0, 0, 0, 0, 1, 1, 1, 1, 1, 1]
314 [1, 1, 0, 0, 0, 0, 0, 0, 1, 1, 1, 1, 1, 1, 0, 1, 0, 0, 0, 0]
315 [0, 0, 1, 1, 1, 1, 1, 1, 1, 1, 0, 7, 0, 4, 0, 0, 2, 1, 1, 1]
316 [1, 1, 1, 1, 0, 7, 7, 4, 0, 0, 2, 1, 1, 1, 0, 0, 0, 1, 0, 4]
317 [7, 4, 0, 0, 4, 1, 1, 1, 0, 0, 0, 1, 0, 4, 0, 0, 5, 0, 1, 1]
318 [6, 1, 0, 7, 0, 1, 0, 4, 0, 0, 5, 0, 0, 4, 1, 0, 1, 0, 0, 0]
319 [0, 4, 5, 0, 5, 0, 0, 4, 1, 0, 1, 0, 0, 5, 0, 1, 1, 1, 1, 0]
320 [0, 4, 1, 0, 1, 0, 0, 5, 2, 4, 1, 1, 1, 1, 1, 1, 1, 1, 1, 2]
321 [0, 5, 2, 4, 1, 5, 1, 1, 1, 1, 1, 1, 1, 2, 2, 0, 0, 0, 0, 6]
322 [1, 1, 1, 1, 1, 3, 1, 2, 2, 0, 0, 0, 0, 6, 0, 0, 0, 0, 8, 0]
323 [1, 2, 2, 0, 4, 5, 0, 6, 0, 0, 0, 9, 8, 0, 1, 1, 1, 1, 1, 1]
324 [0, 6, 0, 0, 0, 9, 8, 0, 1, 1, 0, 1, 1, 1, 0, 0, 0, 0, 0, 0]
325 [8, 0, 1, 1, 0, 1, 1, 1, 0, 0, 0, 0, 0, 0, 1, 1, 1, 3, 1, 1]
326 [1, 7, 0, 0, 0, 0, 0, 5, 1, 1, 1, 3, 1, 1, 0, 0, 0, 0, 0, 0]
327 [0, 5, 1, 1, 2, 3, 1, 1, 0, 0, 0, 0, 0, 0, 1, 1, 1, 1, 1, 1]
328 [1, 1, 0, 0, 0, 0, 0, 0, 1, 1, 1, 1, 1, 1, 0, 0, 0, 0, 0, 0]
329 [0, 0, 1, 1, 1, 1, 3, 1, 0, 0, 0, 0, 0, 0, 1, 1, 1, 1, 1, 1]
330 [8, 5, 0, 0, 0, 0, 6, 0, 1, 1, 1, 1, 1, 1, 0, 0, 5, 0, 0, 0]
331 [6, 0, 1, 1, 1, 1, 1, 1, 0, 0, 5, 0, 0, 0, 0, 1, 1, 4, 1, 1]
332 [1, 1, 0, 0, 5, 0, 0, 0, 0, 1, 1, 4, 1, 1, 8, 0, 0, 0, 0, 0]
333 [0, 0, 0, 1, 1, 4, 1, 1, 8, 0, 0, 0, 0, 0, 3, 1, 1, 1, 1, 1]
334 [6, 1, 8, 0, 0, 0, 0, 0, 3, 1, 1, 5, 1, 1, 1, 1, 1, 1, 1, 1]
335 [0, 0, 3, 1, 1, 7, 1, 2, 1, 1, 1, 0, 1, 1, 0, 0, 0, 0, 0, 0]
336 [1, 2, 1, 1, 1, 0, 1, 1, 0, 0, 0, 0, 0, 0, 1, 1, 1, 1, 1, 5]
337 [1, 1, 5, 0, 0, 2, 0, 0, 1, 1, 1, 6, 1, 5, 0, 0, 0, 6, 0, 5]
338 [0, 0, 1, 1, 1, 6, 1, 5, 3, 2, 0, 6, 7, 5, 1, 1, 1, 1, 2, 1]
339 [1, 5, 3, 2, 0, 6, 7, 4, 1, 1, 1, 1, 2, 1, 0, 0, 0, 0, 0, 0]
340 [7, 4, 1, 1, 1, 1, 2, 1, 0, 0, 0, 0, 5, 0, 1, 1, 1, 1, 1, 1]
341 [2, 1, 0, 0, 0, 0, 5, 0, 1, 1, 1, 6, 1, 1, 0, 0, 0, 0, 0, 0]
342 [5, 4, 1, 5, 1, 9, 4, 1, 0, 0, 0, 0, 0, 0, 1, 1, 1, 1, 1, 1]
343 [4, 1, 0, 0, 0, 0, 0, 0, 1, 1, 1, 1, 1, 1, 0, 0, 0, 0, 0, 0]
344 [0, 0, 1, 8, 1, 1, 1, 1, 0, 0, 0, 0, 0, 4, 1, 1, 1, 1, 1, 1]
345 [1, 1, 0, 0, 4, 0, 0, 4, 5, 1, 1, 1, 7, 1, 6, 0, 0, 0, 0, 0]
346 [0, 4, 11, 1, 1, 1, 10, 3, 9, 0, 0, 0, 0, 0, 1, 1, 1, 1, 1, 1]
347 [10, 3, 9, 0, 1, 0, 5, 3, 1, 1, 1, 1, 1, 1, 0, 0, 0, 0, 0, 0]
348 [5, 3, 1, 1, 1, 1, 1, 1, 0, 0, 0, 0, 0, 0, 4, 1, 1, 1, 1, 1]
349 [1, 1, 0, 0, 0, 0, 0, 0, 4, 1, 1, 1, 4, 2, 0, 0, 0, 0, 0, 2]
350 [0, 0, 4, 1, 1, 1, 4, 2, 0, 0, 0, 0, 0, 2, 1, 1, 1, 1, 1, 1]
351 [4, 5, 4, 0, 0, 0, 0, 2, 1, 5, 1, 1, 1, 1, 0, 0, 0, 0, 0, 0]
352 [0, 2, 1, 5, 1, 1, 1, 1, 0, 0, 0, 0, 5, 2, 1, 1, 1, 1, 1, 1]
353 [1, 1, 0, 2, 0, 0, 5, 2, 1, 1, 1, 1, 1, 1, 0, 0, 0, 0, 0, 0]
354 [5, 2, 4, 1, 1, 1, 1, 1, 0, 0, 3, 0, 0, 0, 1, 2, 1, 6, 1, 5]
355 [1, 1, 0, 0, 3, 0, 0, 0, 1, 5, 1, 10, 1, 5, 5, 0, 1, 0, 0, 0]
356 [0, 0, 1, 5, 4, 10, 1, 5, 5, 0, 1, 0, 0, 0, 1, 1, 1, 1, 1, 1]
357 [1, 6, 5, 0, 1, 0, 0, 0, 1, 1, 1, 1, 1, 1, 0, 0, 0, 0, 0, 0]
358 [0, 0, 6, 1, 1, 4, 1, 7, 0, 0, 0, 0, 0, 0, 1, 1, 1, 1, 1, 1]
359 [1, 7, 0, 0, 0, 0, 0, 0, 0, 1, 1, 1, 0, 1, 0, 0, 0, 0, 0, 0]
360 [0, 0, 0, 1, 1, 1, 0, 0, 0, 3, 0, 0, 0, 0, 1, 1, 1, 1, 1, 1]
361 [0, 0, 0, 3, 0, 0, 0, 0, 1, 1, 1, 1, 1, 1, 0, 0, 0, 0, 0, 0]
362 [0, 0, 1, 1, 6, 1, 5, 1, 0, 0, 0, 0, 0, 0, 1, 1, 1, 1, 1, 1]
363 [5, 2, 2, 0, 4, 0, 0, 0, 1, 1, 2, 1, 1, 1, 0, 0, 0, 0, 0, 7]
364 [0, 0, 1, 1, 2, 4, 1, 1, 1, 0, 0, 0, 0, 7, 1, 1, 1, 1, 1, 1]
365 [4, 1, 2, 0, 2, 0, 0, 7, 1, 1, 1, 1, 1, 1, 0, 0, 0, 0, 0, 4]
366 [0, 7, 5, 1, 1, 1, 1, 1, 0, 0, 0, 0, 0, 4, 1, 1, 1, 1, 1, 1]
367 [1, 1, 0, 0, 0, 0, 0, 4, 1, 1, 1, 1, 1, 1, 0, 0, 0, 0, 0, 0]
368 [3, 4, 1, 1, 0, 1, 1, 1, 2, 0, 0, 0, 0, 0, 1, 1, 1, 1, 1, 1]
369 [1, 1, 2, 0, 0, 0, 0, 0, 5, 2, 1, 1, 1, 1, 0, 0, 0, 0, 0, 4]
370 [0, 0, 5, 2, 1, 1, 1, 1, 0, 0, 0, 0, 0, 4, 1, 1, 1, 1, 1, 1]
371 [1, 4, 7, 0, 0, 0, 0, 4, 1, 3, 1, 1, 1, 1, 0, 0, 0, 0, 0, 0]
372 [0, 4, 1, 3, 1, 1, 1, 1, 0, 0, 0, 4, 0, 0, 1, 1, 1, 1, 1, 1]
373 [3, 1, 0, 0, 0, 4, 0, 0, 1, 1, 2, 1, 1, 1, 0, 0, 0, 0, 0, 0]
374 [0, 0, 1, 1, 2, 1, 3, 4, 0, 0, 0, 0, 0, 0, 1, 1, 1, 0, 4, 1]
375 [3, 4, 1, 0, 0, 0, 0, 0, 1, 1, 1, 0, 4, 4, 1, 1, 1, 1, 1, 1]
376 [0, 0, 1, 1, 1, 0, 4, 4, 1, 1, 1, 1, 1, 1, 0, 0, 0, 0, 0, 2]
377 [4, 4, 1, 1, 1, 1, 1, 1, 0, 0, 0, 4, 0, 6, 8, 0, 2, 0, 0, 0]
378 [1, 1, 0, 0, 0, 4, 0, 6, 8, 0, 2, 0, 0, 0, 1, 1, 1, 1, 1, 5]
379 [2, 6, 13, 0, 2, 0, 0, 0, 1, 1, 1, 1, 1, 5, 1, 1, 7, 1, 1, 0]
380 [2, 0, 1, 1, 1, 1, 1, 5, 7, 7, 7, 7, 1, 0, 0, 0, 0, 0, 0, 0]
381 [10, 5, 7, 7, 8, 7, 1, 0, 0, 0, 0, 0, 1, 0, 1, 0, 0, 1, 2, 1]
382 [1, 0, 0, 0, 0, 0, 1, 0, 1, 0, 0, 4, 2, 1, 1, 1, 1, 1, 1, 1]
383 [1, 0, 1, 0, 0, 4, 2, 1, 1, 1, 1, 1, 1, 1, 0, 0, 0, 0, 0, 0]
384 [2, 1, 0, 1, 1, 1, 1, 1, 0, 2, 0, 0, 0, 0, 1, 1, 2, 1, 1, 1]
385 [1, 1, 0, 2, 0, 5, 0, 0, 1, 1, 2, 3, 1, 1, 0, 0, 0, 0, 0, 0]
386 [0, 0, 1, 1, 2, 3, 1, 1, 2, 0, 0, 0, 1, 0, 1, 1, 3, 1, 1, 1]
387 [1, 1, 1, 0, 0, 0, 1, 0, 1, 1, 3, 1, 1, 1, 0, 0, 0, 0, 7, 0]
388 [1, 0, 1, 1, 3, 1, 1, 1, 0, 2, 0, 0, 7, 0, 1, 1, 1, 1, 1, 1]
389 [1, 1, 0, 2, 0, 0, 7, 0, 1, 1, 1, 1, 1, 1, 0, 0, 0, 0, 0, 0]
390 [7, 0, 1, 1, 1, 1, 1, 1, 0, 0, 0, 0, 4, 0, 1, 1, 1, 1, 1, 1]
391 [1, 1, 0, 0, 0, 0, 4, 0, 1, 1, 3, 1, 1, 3, 0, 0, 0, 4, 0, 0]
392 [4, 0, 1, 1, 3, 1, 1, 3, 0, 0, 3, 4, 0, 0, 1, 1, 3, 1, 1, 1]
393 [1, 3, 0, 0, 3, 4, 0, 0, 1, 1, 3, 1, 1, 5, 0, 0, 2, 0, 2, 0]
394 [0, 0, 1, 1, 3, 1, 1, 5, 0, 0, 2, 0, 2, 0, 1, 1, 1, 1, 1, 1]
395 [1, 5, 0, 0, 2, 0, 2, 0, 1, 1, 1, 1, 1, 1, 0, 0, 0, 4, 0, 10]
396 [5, 0, 1, 1, 1, 1, 1, 1, 0, 4, 0, 4, 6, 10, 1, 1, 1, 1, 1, 1]
397 [1, 1, 0, 4, 0, 4, 6, 13, 1, 1, 1, 1, 0, 1, 1, 1, 0, 0, 1, 2]
398 [6, 13, 1, 1, 1, 1, 0, 1, 1, 1, 0, 0, 1, 2, 0, 0, 0, 0, 0, 0]
399 [0, 1, 1, 1, 0, 0, 1, 2, 0, 0, 0, 0, 0, 0, 1, 2, 1, 1, 1, 1]
400 [1, 4, 0, 0, 0, 0, 0, 0, 1, 2, 1, 1, 1, 1, 1, 1, 1, 1, 1, 1]
401 [0, 0, 1, 2, 1, 1, 1, 1, 1, 1, 1, 0, 1, 1, 0, 0, 0, 3, 0, 0]
402 [1, 1, 1, 1, 1, 0, 1, 1, 0, 0, 0, 3, 0, 0, 0, 0, 4, 0, 0, 0]
403 [1, 1, 0, 0, 0, 8, 0, 7, 0, 0, 4, 0, 0, 0, 1, 1, 1, 1, 1, 1]
404 [0, 7, 4, 0, 4, 0, 0, 0, 1, 1, 1, 1, 1, 1, 1, 1, 1, 2, 0, 1]
405 [0, 0, 3, 1, 1, 1, 1, 1, 1, 1, 1, 2, 0, 1, 0, 0, 0, 0, 0, 0]
406 [1, 10, 1, 1, 1, 2, 0, 1, 0, 0, 0, 0, 1, 0, 8, 0, 0, 4, 0, 0]
407 [4, 1, 0, 0, 0, 0, 1, 0, 8, 0, 0, 4, 0, 0, 1, 1, 1, 1, 1, 1]
408 [1, 0, 8, 9, 1, 4, 0, 0, 1, 1, 2, 1, 1, 1, 1, 1, 1, 1, 1, 1]
409 [0, 0, 1, 1, 2, 1, 1, 1, 1, 1, 1, 1, 1, 5, 0, 0, 0, 0, 0, 0]
410 [1, 1, 1, 1, 4, 1, 1, 5, 0, 0, 0, 0, 0, 3, 0, 0, 4, 0, 0, 0]
411 [1, 5, 0, 0, 0, 0, 0, 3, 0, 0, 4, 0, 0, 0, 1, 1, 1, 1, 3, 1]
412 [0, 3, 0, 0, 4, 0, 0, 0, 1, 1, 1, 1, 3, 1, 5, 1, 1, 0, 1, 1]
413 [0, 4, 1, 1, 1, 1, 3, 1, 5, 1, 1, 0, 1, 1, 0, 0, 0, 0, 0, 0]
414 [10, 1, 5, 1, 1, 0, 1, 3, 0, 0, 0, 0, 0, 0, 1, 0, 0, 1, 1, 1]
415 [1, 3, 0, 0, 0, 4, 0, 0, 1, 0, 0, 1, 1, 1, 1, 1, 1, 1, 1, 1]
416 [0, 0, 1, 0, 7, 1, 1, 1, 1, 1, 1, 1, 1, 1, 0, 0, 0, 0, 0, 0]
417 [1, 1, 1, 1, 4, 1, 1, 1, 0, 0, 0, 0, 0, 0, 0, 0, 4, 0, 0, 0]
418 [1, 1, 0, 0, 0, 0, 0, 0, 0, 0, 4, 5, 0, 0, 1, 1, 1, 1, 1, 1]
419 [0, 0, 6, 0, 4, 5, 0, 0, 1, 1, 1, 1, 1, 1, 1, 1, 1, 1, 1, 1]
420 [0, 0, 1, 1, 1, 1, 1, 1, 4, 1, 1, 1, 3, 1, 0, 0, 0, 0, 0, 0]
421 [3, 1, 4, 1, 1, 3, 8, 1, 0, 0, 3, 4, 0, 0, 0, 0, 1, 0, 2, 0]
422 [8, 1, 4, 0, 3, 4, 3, 0, 0, 7, 1, 0, 2, 0, 1, 1, 1, 1, 1, 1]
423 [3, 0, 0, 10, 1, 0, 2, 0, 1, 1, 3, 1, 1, 4, 0, 0, 0, 2, 0, 0]
424 [2, 0, 1, 1, 3, 1, 1, 4, 0, 0, 0, 2, 0, 0, 1, 1, 1, 1, 1, 1]
425 [1, 4, 0, 0, 4, 2, 0, 0, 1, 1, 7, 1, 1, 1, 0, 0, 0, 0, 0, 0]
426 [0, 0, 1, 1, 7, 1, 1, 1, 0, 0, 0, 0, 0, 0, 1, 1, 1, 1, 1, 1]
427 [1, 1, 0, 0, 0, 0, 0, 12, 1, 1, 1, 1, 1, 1, 0, 0, 0, 0, 0, 0]
428 [0, 12, 1, 1, 1, 1, 1, 1, 0, 0, 0, 0, 0, 0, 1, 1, 1, 1, 1, 1]
429 [1, 1, 0, 0, 0, 0, 0, 0, 1, 1, 1, 9, 1, 2, 0, 0, 0, 0, 0, 0]
430 [0, 0, 1, 1, 1, 9, 1, 2, 0, 0, 0, 0, 0, 0, 1, 1, 1, 1, 1, 7]
431 [1, 2, 0, 0, 2, 0, 0, 0, 1, 1, 1, 1, 2, 7, 0, 0, 0, 0, 0, 0]
432 [0, 0, 1, 1, 1, 1, 2, 7, 0, 2, 0, 3, 0, 5, 1, 9, 1, 1, 1, 1]
433 [2, 7, 0, 2, 0, 3, 0, 5, 1, 11, 1, 1, 5, 1, 6, 0, 0, 0, 0, 0]
434 [4, 5, 1, 11, 1, 1, 5, 1, 6, 0, 0, 0, 0, 0, 1, 1, 1, 1, 1, 1]
435 [10, 1, 6, 0, 0, 0, 0, 0, 1, 4, 1, 1, 1, 1, 0, 0, 0, 0, 0, 0]
436 [0, 0, 1, 4, 1, 1, 1, 1, 0, 0, 0, 0, 0, 0, 1, 1, 1, 1, 1, 1]
437 [1, 1, 0, 1, 0, 0, 0, 0, 1, 1, 1, 1, 1, 1, 0, 0, 0, 0, 0, 0]
438 [0, 0, 1, 1, 4, 1, 5, 1, 0, 0, 0, 6, 0, 3, 1, 1, 1, 1, 2, 1]
439 [5, 1, 0, 0, 0, 6, 0, 3, 1, 1, 1, 1, 2, 1, 0, 0, 0, 0, 0, 0]
440 [0, 3, 1, 1, 1, 1, 2, 1, 0, 0, 0, 3, 0, 0, 1, 1, 1, 1, 5, 1]
441 [2, 1, 0, 0, 0, 3, 0, 0, 1, 1, 1, 1, 5, 1, 0, 0, 0, 0, 0, 0]
442 [0, 0, 1, 1, 1, 1, 5, 1, 0, 0, 0, 0, 0, 0, 4, 1, 1, 1, 1, 1]
443 [5, 1, 0, 0, 0, 0, 0, 0, 5, 1, 2, 1, 1, 1, 0, 0, 0, 0, 0, 0]
444 [0, 0, 5, 1, 2, 1, 1, 1, 0, 0, 0, 0, 0, 0, 1, 1, 1, 1, 11, 1]
445 [1, 1, 0, 0, 0, 0, 0, 6, 1, 1, 1, 1, 11, 1, 2, 0, 0, 0, 0, 0]
446 [0, 6, 1, 1, 1, 2, 11, 1, 5, 0, 0, 0, 0, 0, 1, 1, 1, 1, 1, 1]
447 [11, 1, 5, 0, 0, 0, 0, 0, 1, 1, 1, 1, 2, 1, 0, 0, 0, 1, 0, 0]
448 [0, 0, 1, 1, 1, 1, 2, 1, 0, 0, 0, 1, 0, 0, 1, 1, 1, 4, 1, 1]
449 [2, 1, 0, 0, 0, 1, 0, 0, 7, 1, 1, 4, 1, 1, 0, 0, 0, 0, 0, 0]
450 [0, 0, 7, 1, 1, 4, 1, 1, 0, 0, 0, 0, 3, 0, 1, 1, 1, 1, 1, 1]
451 [1, 1, 4, 0, 0, 0, 3, 0, 1, 0, 1, 1, 1, 1, 0, 0, 0, 0, 0, 0]
452 [3, 0, 1, 0, 1, 1, 1, 1, 0, 0, 0, 0, 0, 0, 1, 1, 1, 1, 1, 1]
453 [1, 1, 0, 0, 2, 0, 0, 0, 1, 1, 1, 1, 1, 1, 0, 0, 12, 0, 0, 0]
454 [0, 0, 1, 1, 1, 1, 1, 6, 0, 0, 12, 0, 5, 0, 1, 1, 1, 1, 1, 1]
455 [1, 6, 0, 0, 12, 0, 5, 0, 1, 1, 1, 1, 1, 0, 0, 0, 0, 0, 2, 0]
456 [5, 0, 1, 1, 1, 5, 1, 0, 0, 0, 0, 0, 2, 0, 1, 1, 1, 1, 1, 1]
457 [1, 0, 0, 0, 0, 0, 2, 0, 1, 1, 3, 1, 0, 1, 0, 0, 0, 0, 0, 0]
458 [9, 1, 1, 1, 3, 4, 0, 1, 2, 0, 0, 0, 0, 0, 1, 1, 1, 1, 1, 1]
459 [0, 1, 2, 0, 0, 0, 0, 0, 1, 1, 1, 7, 1, 1, 0, 0, 0, 0, 0, 5]
460 [0, 0, 1, 1, 1, 7, 1, 1, 0, 0, 0, 0, 0, 5, 1, 1, 1, 1, 1, 1]
461 [1, 1, 0, 0, 0, 0, 0, 5, 3, 1, 1, 6, 1, 4, 8, 0, 0, 0, 0, 0]
462 [0, 7, 3, 1, 1, 6, 0, 4, 8, 0, 3, 0, 0, 0, 1, 1, 1, 1, 1, 1]
463 [4, 4, 8, 0, 3, 0, 0, 0, 1, 1, 1, 1, 1, 1, 0, 0, 0, 0, 0, 0]
464 [0, 0, 1, 1, 1, 1, 1, 1, 0, 0, 0, 0, 0, 0, 1, 1, 2, 1, 1, 1]
465 [1, 1, 0, 0, 0, 6, 6, 7, 1, 1, 2, 1, 1, 1, 0, 0, 0, 0, 2, 0]
466 [6, 7, 1, 1, 6, 1, 3, 1, 0, 0, 0, 0, 2, 0, 1, 1, 1, 1, 1, 1]
467 [3, 1, 0, 0, 5, 0, 2, 0, 1, 1, 1, 1, 1, 1, 0, 0, 0, 0, 0, 0]
468 [7, 0, 1, 1, 1, 1, 1, 1, 0, 0, 3, 0, 0, 6, 1, 5, 1, 1, 1, 1]
469 [1, 1, 0, 0, 3, 0, 0, 6, 1, 5, 1, 1, 1, 1, 0, 0, 0, 0, 0, 0]
470 [0, 6, 1, 5, 1, 1, 1, 1, 0, 0, 0, 0, 0, 0, 1, 1, 1, 1, 1, 1]
471 [1, 1, 0, 0, 3, 0, 0, 0, 1, 1, 1, 1, 1, 1, 0, 0, 6, 0, 0, 0]
472 [0, 0, 1, 1, 1, 1, 1, 1, 0, 0, 6, 0, 0, 0, 1, 3, 2, 1, 1, 3]
473 [7, 1, 0, 0, 6, 0, 0, 0, 6, 3, 2, 1, 1, 6, 0, 0, 0, 0, 0, 0]
474 [0, 0, 6, 3, 2, 3, 1, 6, 2, 0, 0, 0, 0, 0, 6, 1, 1, 1, 1, 1]
475 [1, 6, 2, 0, 0, 0, 0, 0, 6, 1, 1, 1, 3, 1, 1, 1, 1, 1, 1, 1]
476 [0, 0, 6, 1, 1, 1, 5, 1, 1, 2, 1, 2, 1, 1, 0, 6, 0, 0, 0, 4]
477 [5, 1, 1, 2, 1, 2, 1, 1, 0, 6, 0, 0, 0, 4, 5, 0, 0, 0, 0, 0]
478 [1, 1, 0, 6, 0, 0, 5, 4, 5, 0, 10, 0, 0, 6, 1, 1, 1, 4, 1, 1]
479 [5, 5, 5, 1, 10, 0, 0, 6, 1, 1, 1, 4, 1, 1, 4, 1, 1, 1, 1, 0]
480 [0, 6, 1, 1, 2, 4, 1, 1, 4, 1, 1, 1, 1, 0, 0, 0, 0, 5, 0, 0]
481 [1, 1, 4, 1, 1, 1, 1, 0, 0, 0, 0, 5, 0, 0, 2, 0, 0, 1, 1, 1]
482 [1, 0, 0, 0, 0, 5, 0, 0, 6, 0, 0, 1, 1, 1, 0, 0, 0, 0, 3, 0]
483 [0, 0, 6, 0, 0, 1, 1, 1, 0, 0, 0, 0, 3, 0, 1, 1, 1, 1, 1, 1]
484 [1, 1, 0, 1, 0, 0, 3, 0, 1, 1, 4, 1, 1, 1, 0, 0, 0, 0, 0, 0]
485 [3, 0, 1, 1, 4, 1, 1, 1, 3, 0, 0, 0, 0, 0, 1, 1, 1, 1, 1, 1]
486 [1, 1, 10, 0, 0, 0, 0, 0, 1, 1, 1, 1, 1, 5, 0, 1, 1, 2, 1, 0]
487 [0, 0, 1, 1, 1, 1, 2, 5, 0, 1, 1, 2, 1, 0, 1, 1, 1, 5, 1, 1]
488 [2, 5, 3, 1, 1, 2, 1, 0, 8, 1, 1, 5, 1, 1, 0, 0, 0, 0, 0, 0]
489 [1, 0, 8, 1, 1, 5, 1, 9, 0, 0, 0, 0, 0, 0, 1, 1, 1, 1, 1, 1]
490 [1, 9, 0, 0, 5, 0, 4, 0, 1, 1, 1, 1, 1, 1, 0, 0, 0, 0, 0, 0]
491 [9, 0, 1, 1, 1, 1, 3, 1, 0, 5, 0, 0, 0, 0, 1, 1, 1, 1, 3, 1]
492 [3, 1, 0, 5, 0, 0, 1, 5, 1, 1, 2, 3, 3, 3, 4, 6, 4, 0, 0, 0]
493 [1, 5, 1, 1, 2, 3, 3, 3, 9, 6, 4, 0, 0, 0, 1, 1, 1, 1, 1, 3]
494 [3, 3, 9, 6, 4, 0, 0, 0, 1, 1, 1, 1, 1, 3, 0, 0, 0, 0, 0, 0]
495 [0, 0, 1, 1, 1, 1, 1, 3, 0, 0, 0, 4, 0, 0, 1, 1, 1, 1, 1, 1]
496 [1, 3, 0, 4, 0, 4, 0, 5, 1, 1, 2, 1, 1, 1, 0, 0, 0, 0, 0, 0]
497 [0, 5, 8, 1, 2, 1, 1, 1, 0, 3, 0, 0, 9, 0, 1, 1, 1, 1, 1, 1]
498 [1, 1, 0, 3, 3, 0, 9, 0, 1, 1, 6, 1, 1, 1, 0, 0, 0, 0, 0, 2]
499 [9, 0, 1, 1, 6, 1, 1, 2, 0, 0, 0, 0, 0, 2, 1, 1, 1, 1, 1, 1]
500 [1, 2, 0, 0, 0, 0, 0, 2, 1, 6, 1, 1, 1, 1, 0, 0, 0, 0, 0, 0]
